0 -0
0.001 15
0.002 29
0.003 43
0.004 56
0.005 69
0.006 81
0.007 92
0.008 101
0.009 109
0.01 116
0.011 122
0.012 126
0.013 128
0.014 128
0.015 127
0.016 125
0.017 121
0.018 115
0.019 108
0.02 99
0.021 89
0.022 78
0.023 66
0.024 54
0.025 40
0.026 26
0.027 12
0.028 -3
0.029 -17
0.03 -31
0.031 -45
0.032 -58
0.033 -71
0.034 -82
0.035 -93
0.036 -102
0.037 -110
0.038 -117
0.039 -122
0.04 -125
0.041 -127
0.042 -127
0.043 -126
0.044 -123
0.045 -119
0.046 -112
0.047 -105
0.048 -96
0.049 -86
0.05 -75
0.051 -63
0.052 -50
0.053 -36
0.054 -22
0.055 -8
0.056 7
0.057 21
0.058 35
0.059 49
0.06 62
0.061 74
0.062 86
0.063 96
0.064 105
0.065 113
0.066 119
0.067 124
0.068 127
0.069 128
0.07 128
0.071 127
0.072 123
0.073 118
0.074 112
0.075 104
0.076 95
0.077 85
0.078 73
0.079 61
0.08 48
0.081 34
0.082 20
0.083 5
0.084 -9
0.085 -23
0.086 -38
0.087 -51
0.088 -64
0.089 -76
0.09 -87
0.091 -97
0.092 -106
0.093 -113
0.094 -119
0.095 -123
0.096 -126
0.097 -127
0.098 -127
0.099 -125
0.1 -121
0.101 -116
0.102 -109
0.103 -101
0.104 -92
0.105 -81
0.106 -69
0.107 -57
0.108 -44
0.109 -30
0.11 -16
0.111 -1
0.112 13
0.113 28
0.114 42
0.115 55
0.116 68
0.117 80
0.118 90
0.119 100
0.12 109
0.121 116
0.122 121
0.123 125
0.124 128
0.125 128
0.126 128
0.127 125
0.128 121
0.129 116
0.13 109
0.131 100
0.132 90
0.133 80
0.134 68
0.135 55
0.136 42
0.137 28
0.138 13
0.139 -1
0.14 -16
0.141 -30
0.142 -44
0.143 -57
0.144 -69
0.145 -81
0.146 -92
0.147 -101
0.148 -109
0.149 -116
0.15 -121
0.151 -125
0.152 -127
0.153 -127
0.154 -126
0.155 -123
0.156 -119
0.157 -113
0.158 -106
0.159 -97
0.16 -87
0.161 -76
0.162 -64
0.163 -51
0.164 -38
0.165 -23
0.166 -9
0.167 5
0.168 20
0.169 34
0.17 48
0.171 61
0.172 73
0.173 85
0.174 95
0.175 104
0.176 112
0.177 118
0.178 123
0.179 127
0.18 128
0.181 128
0.182 127
0.183 124
0.184 119
0.185 113
0.186 105
0.187 96
0.188 86
0.189 74
0.19 62
0.191 49
0.192 35
0.193 21
0.194 7
0.195 -8
0.196 -22
0.197 -36
0.198 -50
0.199 -63
0.2 -75
0.201 -86
0.202 -96
0.203 -105
0.204 -112
0.205 -119
0.206 -123
0.207 -126
0.208 -127
0.209 -127
0.21 -125
0.211 -122
0.212 -117
0.213 -110
0.214 -102
0.215 -93
0.216 -82
0.217 -71
0.218 -58
0.219 -45
0.22 -31
0.221 -17
0.222 -3
0.223 12
0.224 26
0.225 40
0.226 54
0.227 66
0.228 78
0.229 89
0.23 99
0.231 108
0.232 115
0.233 121
0.234 125
0.235 127
0.236 128
0.237 128
0.238 126
0.239 122
0.24 116
0.241 109
0.242 101
0.243 92
0.244 81
0.245 69
0.246 56
0.247 43
0.248 29
0.249 15
0.25 -0
0.251 -14
0.252 -28
0.253 -42
0.254 -55
0.255 -68
0.256 -80
0.257 -91
0.258 -100
0.259 -108
0.26 -115
0.261 -121
0.262 -125
0.263 -127
0.264 -127
0.265 -126
0.266 -124
0.267 -120
0.268 -114
0.269 -107
0.27 -98
0.271 -88
0.272 -77
0.273 -65
0.274 -53
0.275 -39
0.276 -25
0.277 -11
0.278 4
0.279 18
0.28 32
0.281 46
0.282 59
0.283 72
0.284 83
0.285 94
0.286 103
0.287 111
0.288 118
0.289 123
0.29 126
0.291 128
0.292 128
0.293 127
0.294 124
0.295 120
0.296 113
0.297 106
0.298 97
0.299 87
0.3 76
0.301 64
0.302 51
0.303 37
0.304 23
0.305 9
0.306 -6
0.307 -20
0.308 -34
0.309 -48
0.31 -61
0.311 -73
0.312 -85
0.313 -95
0.314 -104
0.315 -112
0.316 -118
0.317 -123
0.318 -126
0.319 -127
0.32 -127
0.321 -126
0.322 -122
0.323 -117
0.324 -111
0.325 -103
0.326 -94
0.327 -84
0.328 -72
0.329 -60
0.33 -47
0.331 -33
0.332 -19
0.333 -4
0.334 10
0.335 24
0.336 39
0.337 52
0.338 65
0.339 77
0.34 88
0.341 98
0.342 107
0.343 114
0.344 120
0.345 124
0.346 127
0.347 128
0.348 128
0.349 126
0.35 122
0.351 117
0.352 110
0.353 102
0.354 93
0.355 82
0.356 70
0.357 58
0.358 45
0.359 31
0.36 17
0.361 2
0.362 -12
0.363 -27
0.364 -41
0.365 -54
0.366 -67
0.367 -79
0.368 -89
0.369 -99
0.37 -108
0.371 -115
0.372 -120
0.373 -124
0.374 -127
0.375 -128
0.376 -127
0.377 -124
0.378 -120
0.379 -115
0.38 -108
0.381 -99
0.382 -89
0.383 -79
0.384 -67
0.385 -54
0.386 -41
0.387 -27
0.388 -12
0.389 2
0.39 17
0.391 31
0.392 45
0.393 58
0.394 70
0.395 82
0.396 93
0.397 102
0.398 110
0.399 117
0.4 122
0.401 126
0.402 128
0.403 128
0.404 127
0.405 124
0.406 120
0.407 114
0.408 107
0.409 98
0.41 88
0.411 77
0.412 65
0.413 52
0.414 39
0.415 24
0.416 10
0.417 -4
0.418 -19
0.419 -33
0.42 -47
0.421 -60
0.422 -72
0.423 -84
0.424 -94
0.425 -103
0.426 -111
0.427 -117
0.428 -122
0.429 -126
0.43 -127
0.431 -127
0.432 -126
0.433 -123
0.434 -118
0.435 -112
0.436 -104
0.437 -95
0.438 -85
0.439 -73
0.44 -61
0.441 -48
0.442 -34
0.443 -20
0.444 -6
0.445 9
0.446 23
0.447 37
0.448 51
0.449 64
0.45 76
0.451 87
0.452 97
0.453 106
0.454 113
0.455 120
0.456 124
0.457 127
0.458 128
0.459 128
0.46 126
0.461 123
0.462 118
0.463 111
0.464 103
0.465 94
0.466 83
0.467 72
0.468 59
0.469 46
0.47 32
0.471 18
0.472 4
0.473 -11
0.474 -25
0.475 -39
0.476 -53
0.477 -65
0.478 -77
0.479 -88
0.48 -98
0.481 -107
0.482 -114
0.483 -120
0.484 -124
0.485 -126
0.486 -127
0.487 -127
0.488 -125
0.489 -121
0.49 -115
0.491 -108
0.492 -100
0.493 -91
0.494 -80
0.495 -68
0.496 -55
0.497 -42
0.498 -28
0.499 -14
0.5 -0
0.501 15
0.502 29
0.503 43
0.504 56
0.505 69
0.506 81
0.507 92
0.508 101
0.509 109
0.51 116
0.511 122
0.512 126
0.513 128
0.514 128
0.515 127
0.516 125
0.517 121
0.518 115
0.519 108
0.52 99
0.521 89
0.522 78
0.523 66
0.524 54
0.525 40
0.526 26
0.527 12
0.528 -3
0.529 -17
0.53 -31
0.531 -45
0.532 -58
0.533 -71
0.534 -82
0.535 -93
0.536 -102
0.537 -110
0.538 -117
0.539 -122
0.54 -125
0.541 -127
0.542 -127
0.543 -126
0.544 -123
0.545 -119
0.546 -112
0.547 -105
0.548 -96
0.549 -86
0.55 -75
0.551 -63
0.552 -50
0.553 -36
0.554 -22
0.555 -8
0.556 7
0.557 21
0.558 35
0.559 49
0.56 62
0.561 74
0.562 86
0.563 96
0.564 105
0.565 113
0.566 119
0.567 124
0.568 127
0.569 128
0.57 128
0.571 127
0.572 123
0.573 118
0.574 112
0.575 104
0.576 95
0.577 85
0.578 73
0.579 61
0.58 48
0.581 34
0.582 20
0.583 5
0.584 -9
0.585 -23
0.586 -38
0.587 -51
0.588 -64
0.589 -76
0.59 -87
0.591 -97
0.592 -106
0.593 -113
0.594 -119
0.595 -123
0.596 -126
0.597 -127
0.598 -127
0.599 -125
0.6 -121
0.601 -116
0.602 -109
0.603 -101
0.604 -92
0.605 -81
0.606 -69
0.607 -57
0.608 -44
0.609 -30
0.61 -16
0.611 -1
0.612 13
0.613 28
0.614 42
0.615 55
0.616 68
0.617 80
0.618 90
0.619 100
0.62 109
0.621 116
0.622 121
0.623 125
0.624 128
0.625 128
0.626 128
0.627 125
0.628 121
0.629 116
0.63 109
0.631 100
0.632 90
0.633 80
0.634 68
0.635 55
0.636 42
0.637 28
0.638 13
0.639 -1
0.64 -16
0.641 -30
0.642 -44
0.643 -57
0.644 -69
0.645 -81
0.646 -92
0.647 -101
0.648 -109
0.649 -116
0.65 -121
0.651 -125
0.652 -127
0.653 -127
0.654 -126
0.655 -123
0.656 -119
0.657 -113
0.658 -106
0.659 -97
0.66 -87
0.661 -76
0.662 -64
0.663 -51
0.664 -38
0.665 -23
0.666 -9
0.667 5
0.668 20
0.669 34
0.67 48
0.671 61
0.672 73
0.673 85
0.674 95
0.675 104
0.676 112
0.677 118
0.678 123
0.679 127
0.68 128
0.681 128
0.682 127
0.683 124
0.684 119
0.685 113
0.686 105
0.687 96
0.688 86
0.689 74
0.69 62
0.691 49
0.692 35
0.693 21
0.694 7
0.695 -8
0.696 -22
0.697 -36
0.698 -50
0.699 -63
0.7 -75
0.701 -86
0.702 -96
0.703 -105
0.704 -112
0.705 -119
0.706 -123
0.707 -126
0.708 -127
0.709 -127
0.71 -125
0.711 -122
0.712 -117
0.713 -110
0.714 -102
0.715 -93
0.716 -82
0.717 -71
0.718 -58
0.719 -45
0.72 -31
0.721 -17
0.722 -3
0.723 12
0.724 26
0.725 40
0.726 54
0.727 66
0.728 78
0.729 89
0.73 99
0.731 108
0.732 115
0.733 121
0.734 125
0.735 127
0.736 128
0.737 128
0.738 126
0.739 122
0.74 116
0.741 109
0.742 101
0.743 92
0.744 81
0.745 69
0.746 56
0.747 43
0.748 29
0.749 15
0.75 -0
0.751 -14
0.752 -28
0.753 -42
0.754 -55
0.755 -68
0.756 -80
0.757 -91
0.758 -100
0.759 -108
0.76 -115
0.761 -121
0.762 -125
0.763 -127
0.764 -127
0.765 -126
0.766 -124
0.767 -120
0.768 -114
0.769 -107
0.77 -98
0.771 -88
0.772 -77
0.773 -65
0.774 -53
0.775 -39
0.776 -25
0.777 -11
0.778 4
0.779 18
0.78 32
0.781 46
0.782 59
0.783 72
0.784 83
0.785 94
0.786 103
0.787 111
0.788 118
0.789 123
0.79 126
0.791 128
0.792 128
0.793 127
0.794 124
0.795 120
0.796 113
0.797 106
0.798 97
0.799 87
0.8 76
0.801 64
0.802 51
0.803 37
0.804 23
0.805 9
0.806 -6
0.807 -20
0.808 -34
0.809 -48
0.81 -61
0.811 -73
0.812 -85
0.813 -95
0.814 -104
0.815 -112
0.816 -118
0.817 -123
0.818 -126
0.819 -127
0.82 -127
0.821 -126
0.822 -122
0.823 -117
0.824 -111
0.825 -103
0.826 -94
0.827 -84
0.828 -72
0.829 -60
0.83 -47
0.831 -33
0.832 -19
0.833 -4
0.834 10
0.835 24
0.836 39
0.837 52
0.838 65
0.839 77
0.84 88
0.841 98
0.842 107
0.843 114
0.844 120
0.845 124
0.846 127
0.847 128
0.848 128
0.849 126
0.85 122
0.851 117
0.852 110
0.853 102
0.854 93
0.855 82
0.856 70
0.857 58
0.858 45
0.859 31
0.86 17
0.861 2
0.862 -12
0.863 -27
0.864 -41
0.865 -54
0.866 -67
0.867 -79
0.868 -89
0.869 -99
0.87 -108
0.871 -115
0.872 -120
0.873 -124
0.874 -127
0.875 -128
0.876 -127
0.877 -124
0.878 -120
0.879 -115
0.88 -108
0.881 -99
0.882 -89
0.883 -79
0.884 -67
0.885 -54
0.886 -41
0.887 -27
0.888 -12
0.889 2
0.89 17
0.891 31
0.892 45
0.893 58
0.894 70
0.895 82
0.896 93
0.897 102
0.898 110
0.899 117
0.9 122
0.901 126
0.902 128
0.903 128
0.904 127
0.905 124
0.906 120
0.907 114
0.908 107
0.909 98
0.91 88
0.911 77
0.912 65
0.913 52
0.914 39
0.915 24
0.916 10
0.917 -4
0.918 -19
0.919 -33
0.92 -47
0.921 -60
0.922 -72
0.923 -84
0.924 -94
0.925 -103
0.926 -111
0.927 -117
0.928 -122
0.929 -126
0.93 -127
0.931 -127
0.932 -126
0.933 -123
0.934 -118
0.935 -112
0.936 -104
0.937 -95
0.938 -85
0.939 -73
0.94 -61
0.941 -48
0.942 -34
0.943 -20
0.944 -6
0.945 9
0.946 23
0.947 37
0.948 51
0.949 64
0.95 76
0.951 87
0.952 97
0.953 106
0.954 113
0.955 120
0.956 124
0.957 127
0.958 128
0.959 128
0.96 126
0.961 123
0.962 118
0.963 111
0.964 103
0.965 94
0.966 83
0.967 72
0.968 59
0.969 46
0.97 32
0.971 18
0.972 4
0.973 -11
0.974 -25
0.975 -39
0.976 -53
0.977 -65
0.978 -77
0.979 -88
0.98 -98
0.981 -107
0.982 -114
0.983 -120
0.984 -124
0.985 -126
0.986 -127
0.987 -127
0.988 -125
0.989 -121
0.99 -115
0.991 -108
0.992 -100
0.993 -91
0.994 -80
0.995 -68
0.996 -55
0.997 -42
0.998 -28
0.999 -14
1 -0
1.001 15
1.002 29
1.003 43
1.004 56
1.005 69
1.006 81
1.007 92
1.008 101
1.009 109
1.01 116
1.011 122
1.012 126
1.013 128
1.014 128
1.015 127
1.016 125
1.017 121
1.018 115
1.019 108
1.02 99
1.021 89
1.022 78
1.023 66
1.024 54
1.025 40
1.026 26
1.027 12
1.028 -3
1.029 -17
1.03 -31
1.031 -45
1.032 -58
1.033 -71
1.034 -82
1.035 -93
1.036 -102
1.037 -110
1.038 -117
1.039 -122
1.04 -125
1.041 -127
1.042 -127
1.043 -126
1.044 -123
1.045 -119
1.046 -112
1.047 -105
1.048 -96
1.049 -86
1.05 -75
1.051 -63
1.052 -50
1.053 -36
1.054 -22
1.055 -8
1.056 7
1.057 21
1.058 35
1.059 49
1.06 62
1.061 74
1.062 86
1.063 96
1.064 105
1.065 113
1.066 119
1.067 124
1.068 127
1.069 128
1.07 128
1.071 127
1.072 123
1.073 118
1.074 112
1.075 104
1.076 95
1.077 85
1.078 73
1.079 61
1.08 48
1.081 34
1.082 20
1.083 5
1.084 -9
1.085 -23
1.086 -38
1.087 -51
1.088 -64
1.089 -76
1.09 -87
1.091 -97
1.092 -106
1.093 -113
1.094 -119
1.095 -123
1.096 -126
1.097 -127
1.098 -127
1.099 -125
1.1 -121
1.101 -116
1.102 -109
1.103 -101
1.104 -92
1.105 -81
1.106 -69
1.107 -57
1.108 -44
1.109 -30
1.11 -16
1.111 -1
1.112 13
1.113 28
1.114 42
1.115 55
1.116 68
1.117 80
1.118 90
1.119 100
1.12 109
1.121 116
1.122 121
1.123 125
1.124 128
1.125 128
1.126 128
1.127 125
1.128 121
1.129 116
1.13 109
1.131 100
1.132 90
1.133 80
1.134 68
1.135 55
1.136 42
1.137 28
1.138 13
1.139 -1
1.14 -16
1.141 -30
1.142 -44
1.143 -57
1.144 -69
1.145 -81
1.146 -92
1.147 -101
1.148 -109
1.149 -116
1.15 -121
1.151 -125
1.152 -127
1.153 -127
1.154 -126
1.155 -123
1.156 -119
1.157 -113
1.158 -106
1.159 -97
1.16 -87
1.161 -76
1.162 -64
1.163 -51
1.164 -38
1.165 -23
1.166 -9
1.167 5
1.168 20
1.169 34
1.17 48
1.171 61
1.172 73
1.173 85
1.174 95
1.175 104
1.176 112
1.177 118
1.178 123
1.179 127
1.18 128
1.181 128
1.182 127
1.183 124
1.184 119
1.185 113
1.186 105
1.187 96
1.188 86
1.189 74
1.19 62
1.191 49
1.192 35
1.193 21
1.194 7
1.195 -8
1.196 -22
1.197 -36
1.198 -50
1.199 -63
1.2 -75
1.201 -86
1.202 -96
1.203 -105
1.204 -112
1.205 -119
1.206 -123
1.207 -126
1.208 -127
1.209 -127
1.21 -125
1.211 -122
1.212 -117
1.213 -110
1.214 -102
1.215 -93
1.216 -82
1.217 -71
1.218 -58
1.219 -45
1.22 -31
1.221 -17
1.222 -3
1.223 12
1.224 26
1.225 40
1.226 54
1.227 66
1.228 78
1.229 89
1.23 99
1.231 108
1.232 115
1.233 121
1.234 125
1.235 127
1.236 128
1.237 128
1.238 126
1.239 122
1.24 116
1.241 109
1.242 101
1.243 92
1.244 81
1.245 69
1.246 56
1.247 43
1.248 29
1.249 15
1.25 1
1.251 -14
1.252 -28
1.253 -42
1.254 -55
1.255 -68
1.256 -80
1.257 -91
1.258 -100
1.259 -108
1.26 -115
1.261 -121
1.262 -125
1.263 -127
1.264 -127
1.265 -126
1.266 -124
1.267 -120
1.268 -114
1.269 -107
1.27 -98
1.271 -88
1.272 -77
1.273 -65
1.274 -53
1.275 -39
1.276 -25
1.277 -11
1.278 4
1.279 18
1.28 32
1.281 46
1.282 59
1.283 72
1.284 83
1.285 94
1.286 103
1.287 111
1.288 118
1.289 123
1.29 126
1.291 128
1.292 128
1.293 127
1.294 124
1.295 120
1.296 113
1.297 106
1.298 97
1.299 87
1.3 76
1.301 64
1.302 51
1.303 37
1.304 23
1.305 9
1.306 -6
1.307 -20
1.308 -34
1.309 -48
1.31 -61
1.311 -73
1.312 -85
1.313 -95
1.314 -104
1.315 -112
1.316 -118
1.317 -123
1.318 -126
1.319 -127
1.32 -127
1.321 -126
1.322 -122
1.323 -117
1.324 -111
1.325 -103
1.326 -94
1.327 -84
1.328 -72
1.329 -60
1.33 -47
1.331 -33
1.332 -19
1.333 -4
1.334 10
1.335 24
1.336 39
1.337 52
1.338 65
1.339 77
1.34 88
1.341 98
1.342 107
1.343 114
1.344 120
1.345 124
1.346 127
1.347 128
1.348 128
1.349 126
1.35 122
1.351 117
1.352 110
1.353 102
1.354 93
1.355 82
1.356 70
1.357 58
1.358 45
1.359 31
1.36 17
1.361 2
1.362 -12
1.363 -27
1.364 -41
1.365 -54
1.366 -67
1.367 -79
1.368 -89
1.369 -99
1.37 -108
1.371 -115
1.372 -120
1.373 -124
1.374 -127
1.375 -128
1.376 -127
1.377 -124
1.378 -120
1.379 -115
1.38 -108
1.381 -99
1.382 -89
1.383 -79
1.384 -67
1.385 -54
1.386 -41
1.387 -27
1.388 -12
1.389 2
1.39 17
1.391 31
1.392 45
1.393 58
1.394 70
1.395 82
1.396 93
1.397 102
1.398 110
1.399 117
1.4 122
1.401 126
1.402 128
1.403 128
1.404 127
1.405 124
1.406 120
1.407 114
1.408 107
1.409 98
1.41 88
1.411 77
1.412 65
1.413 52
1.414 39
1.415 24
1.416 10
1.417 -4
1.418 -19
1.419 -33
1.42 -47
1.421 -60
1.422 -72
1.423 -84
1.424 -94
1.425 -103
1.426 -111
1.427 -117
1.428 -122
1.429 -126
1.43 -127
1.431 -127
1.432 -126
1.433 -123
1.434 -118
1.435 -112
1.436 -104
1.437 -95
1.438 -85
1.439 -73
1.44 -61
1.441 -48
1.442 -34
1.443 -20
1.444 -6
1.445 9
1.446 23
1.447 37
1.448 51
1.449 64
1.45 76
1.451 87
1.452 97
1.453 106
1.454 113
1.455 120
1.456 124
1.457 127
1.458 128
1.459 128
1.46 126
1.461 123
1.462 118
1.463 111
1.464 103
1.465 94
1.466 83
1.467 72
1.468 59
1.469 46
1.47 32
1.471 18
1.472 4
1.473 -11
1.474 -25
1.475 -39
1.476 -53
1.477 -65
1.478 -77
1.479 -88
1.48 -98
1.481 -107
1.482 -114
1.483 -120
1.484 -124
1.485 -126
1.486 -127
1.487 -127
1.488 -125
1.489 -121
1.49 -115
1.491 -108
1.492 -100
1.493 -91
1.494 -80
1.495 -68
1.496 -55
1.497 -42
1.498 -28
1.499 -14
1.5 1
1.501 15
1.502 29
1.503 43
1.504 56
1.505 69
1.506 81
1.507 92
1.508 101
1.509 109
1.51 116
1.511 122
1.512 126
1.513 128
1.514 128
1.515 127
1.516 125
1.517 121
1.518 115
1.519 108
1.52 99
1.521 89
1.522 78
1.523 66
1.524 54
1.525 40
1.526 26
1.527 12
1.528 -3
1.529 -17
1.53 -31
1.531 -45
1.532 -58
1.533 -71
1.534 -82
1.535 -93
1.536 -102
1.537 -110
1.538 -117
1.539 -122
1.54 -125
1.541 -127
1.542 -127
1.543 -126
1.544 -123
1.545 -119
1.546 -112
1.547 -105
1.548 -96
1.549 -86
1.55 -75
1.551 -63
1.552 -50
1.553 -36
1.554 -22
1.555 -8
1.556 7
1.557 21
1.558 35
1.559 49
1.56 62
1.561 74
1.562 86
1.563 96
1.564 105
1.565 113
1.566 119
1.567 124
1.568 127
1.569 128
1.57 128
1.571 127
1.572 123
1.573 118
1.574 112
1.575 104
1.576 95
1.577 85
1.578 73
1.579 61
1.58 48
1.581 34
1.582 20
1.583 5
1.584 -9
1.585 -23
1.586 -38
1.587 -51
1.588 -64
1.589 -76
1.59 -87
1.591 -97
1.592 -106
1.593 -113
1.594 -119
1.595 -123
1.596 -126
1.597 -127
1.598 -127
1.599 -125
1.6 -121
1.601 -116
1.602 -109
1.603 -101
1.604 -92
1.605 -81
1.606 -69
1.607 -57
1.608 -44
1.609 -30
1.61 -16
1.611 -1
1.612 13
1.613 28
1.614 42
1.615 55
1.616 68
1.617 80
1.618 90
1.619 100
1.62 109
1.621 116
1.622 121
1.623 125
1.624 128
1.625 128
1.626 128
1.627 125
1.628 121
1.629 116
1.63 109
1.631 100
1.632 90
1.633 80
1.634 68
1.635 55
1.636 42
1.637 28
1.638 13
1.639 -1
1.64 -16
1.641 -30
1.642 -44
1.643 -57
1.644 -69
1.645 -81
1.646 -92
1.647 -101
1.648 -109
1.649 -116
1.65 -121
1.651 -125
1.652 -127
1.653 -127
1.654 -126
1.655 -123
1.656 -119
1.657 -113
1.658 -106
1.659 -97
1.66 -87
1.661 -76
1.662 -64
1.663 -51
1.664 -38
1.665 -23
1.666 -9
1.667 5
1.668 20
1.669 34
1.67 48
1.671 61
1.672 73
1.673 85
1.674 95
1.675 104
1.676 112
1.677 118
1.678 123
1.679 127
1.68 128
1.681 128
1.682 127
1.683 124
1.684 119
1.685 113
1.686 105
1.687 96
1.688 86
1.689 74
1.69 62
1.691 49
1.692 35
1.693 21
1.694 7
1.695 -8
1.696 -22
1.697 -36
1.698 -50
1.699 -63
1.7 -75
1.701 -86
1.702 -96
1.703 -105
1.704 -112
1.705 -119
1.706 -123
1.707 -126
1.708 -127
1.709 -127
1.71 -125
1.711 -122
1.712 -117
1.713 -110
1.714 -102
1.715 -93
1.716 -82
1.717 -71
1.718 -58
1.719 -45
1.72 -31
1.721 -17
1.722 -3
1.723 12
1.724 26
1.725 40
1.726 54
1.727 66
1.728 78
1.729 89
1.73 99
1.731 108
1.732 115
1.733 121
1.734 125
1.735 127
1.736 128
1.737 128
1.738 126
1.739 122
1.74 116
1.741 109
1.742 101
1.743 92
1.744 81
1.745 69
1.746 56
1.747 43
1.748 29
1.749 15
1.75 -0
1.751 -14
1.752 -28
1.753 -42
1.754 -55
1.755 -68
1.756 -80
1.757 -91
1.758 -100
1.759 -108
1.76 -115
1.761 -121
1.762 -125
1.763 -127
1.764 -127
1.765 -126
1.766 -124
1.767 -120
1.768 -114
1.769 -107
1.77 -98
1.771 -88
1.772 -77
1.773 -65
1.774 -53
1.775 -39
1.776 -25
1.777 -11
1.778 4
1.779 18
1.78 32
1.781 46
1.782 59
1.783 72
1.784 83
1.785 94
1.786 103
1.787 111
1.788 118
1.789 123
1.79 126
1.791 128
1.792 128
1.793 127
1.794 124
1.795 120
1.796 113
1.797 106
1.798 97
1.799 87
1.8 76
1.801 64
1.802 51
1.803 37
1.804 23
1.805 9
1.806 -6
1.807 -20
1.808 -34
1.809 -48
1.81 -61
1.811 -73
1.812 -85
1.813 -95
1.814 -104
1.815 -112
1.816 -118
1.817 -123
1.818 -126
1.819 -127
1.82 -127
1.821 -126
1.822 -122
1.823 -117
1.824 -111
1.825 -103
1.826 -94
1.827 -84
1.828 -72
1.829 -60
1.83 -47
1.831 -33
1.832 -19
1.833 -4
1.834 10
1.835 24
1.836 39
1.837 52
1.838 65
1.839 77
1.84 88
1.841 98
1.842 107
1.843 114
1.844 120
1.845 124
1.846 127
1.847 128
1.848 128
1.849 126
1.85 122
1.851 117
1.852 110
1.853 102
1.854 93
1.855 82
1.856 70
1.857 58
1.858 45
1.859 31
1.86 17
1.861 2
1.862 -12
1.863 -27
1.864 -41
1.865 -54
1.866 -67
1.867 -79
1.868 -89
1.869 -99
1.87 -108
1.871 -115
1.872 -120
1.873 -124
1.874 -127
1.875 -128
1.876 -127
1.877 -124
1.878 -120
1.879 -115
1.88 -108
1.881 -99
1.882 -89
1.883 -79
1.884 -67
1.885 -54
1.886 -41
1.887 -27
1.888 -12
1.889 2
1.89 17
1.891 31
1.892 45
1.893 58
1.894 70
1.895 82
1.896 93
1.897 102
1.898 110
1.899 117
1.9 122
1.901 126
1.902 128
1.903 128
1.904 127
1.905 124
1.906 120
1.907 114
1.908 107
1.909 98
1.91 88
1.911 77
1.912 65
1.913 52
1.914 39
1.915 24
1.916 10
1.917 -4
1.918 -19
1.919 -33
1.92 -47
1.921 -60
1.922 -72
1.923 -84
1.924 -94
1.925 -103
1.926 -111
1.927 -117
1.928 -122
1.929 -126
1.93 -127
1.931 -127
1.932 -126
1.933 -123
1.934 -118
1.935 -112
1.936 -104
1.937 -95
1.938 -85
1.939 -73
1.94 -61
1.941 -48
1.942 -34
1.943 -20
1.944 -6
1.945 9
1.946 23
1.947 37
1.948 51
1.949 64
1.95 76
1.951 87
1.952 97
1.953 106
1.954 113
1.955 120
1.956 124
1.957 127
1.958 128
1.959 128
1.96 126
1.961 123
1.962 118
1.963 111
1.964 103
1.965 94
1.966 83
1.967 72
1.968 59
1.969 46
1.97 32
1.971 18
1.972 4
1.973 -11
1.974 -25
1.975 -39
1.976 -53
1.977 -65
1.978 -77
1.979 -88
1.98 -98
1.981 -107
1.982 -114
1.983 -120
1.984 -124
1.985 -126
1.986 -127
1.987 -127
1.988 -125
1.989 -121
1.99 -115
1.991 -108
1.992 -100
1.993 -91
1.994 -80
1.995 -68
1.996 -55
1.997 -42
1.998 -28
1.999 -14
2 -0
2.001 15
2.002 29
2.003 43
2.004 56
2.005 69
2.006 81
2.007 92
2.008 101
2.009 109
2.01 116
2.011 122
2.012 126
2.013 128
2.014 128
2.015 127
2.016 125
2.017 121
2.018 115
2.019 108
2.02 99
2.021 89
2.022 78
2.023 66
2.024 54
2.025 40
2.026 26
2.027 12
2.028 -3
2.029 -17
2.03 -31
2.031 -45
2.032 -58
2.033 -71
2.034 -82
2.035 -93
2.036 -102
2.037 -110
2.038 -117
2.039 -122
2.04 -125
2.041 -127
2.042 -127
2.043 -126
2.044 -123
2.045 -119
2.046 -112
2.047 -105
2.048 -96
2.049 -86
2.05 -75
2.051 -63
2.052 -50
2.053 -36
2.054 -22
2.055 -8
2.056 7
2.057 21
2.058 35
2.059 49
2.06 62
2.061 74
2.062 86
2.063 96
2.064 105
2.065 113
2.066 119
2.067 124
2.068 127
2.069 128
2.07 128
2.071 127
2.072 123
2.073 118
2.074 112
2.075 104
2.076 95
2.077 85
2.078 73
2.079 61
2.08 48
2.081 34
2.082 20
2.083 5
2.084 -9
2.085 -23
2.086 -38
2.087 -51
2.088 -64
2.089 -76
2.09 -87
2.091 -97
2.092 -106
2.093 -113
2.094 -119
2.095 -123
2.096 -126
2.097 -127
2.098 -127
2.099 -125
2.1 -121
2.101 -116
2.102 -109
2.103 -101
2.104 -92
2.105 -81
2.106 -69
2.107 -57
2.108 -44
2.109 -30
2.11 -16
2.111 -1
2.112 13
2.113 28
2.114 42
2.115 55
2.116 68
2.117 80
2.118 90
2.119 100
2.12 109
2.121 116
2.122 121
2.123 125
2.124 128
2.125 128
2.126 128
2.127 125
2.128 121
2.129 116
2.13 109
2.131 100
2.132 90
2.133 80
2.134 68
2.135 55
2.136 42
2.137 28
2.138 13
2.139 -1
2.14 -16
2.141 -30
2.142 -44
2.143 -57
2.144 -69
2.145 -81
2.146 -92
2.147 -101
2.148 -109
2.149 -116
2.15 -121
2.151 -125
2.152 -127
2.153 -127
2.154 -126
2.155 -123
2.156 -119
2.157 -113
2.158 -106
2.159 -97
2.16 -87
2.161 -76
2.162 -64
2.163 -51
2.164 -38
2.165 -23
2.166 -9
2.167 5
2.168 20
2.169 34
2.17 48
2.171 61
2.172 73
2.173 85
2.174 95
2.175 104
2.176 112
2.177 118
2.178 123
2.179 127
2.18 128
2.181 128
2.182 127
2.183 124
2.184 119
2.185 113
2.186 105
2.187 96
2.188 86
2.189 74
2.19 62
2.191 49
2.192 35
2.193 21
2.194 7
2.195 -8
2.196 -22
2.197 -36
2.198 -50
2.199 -63
2.2 -75
2.201 -86
2.202 -96
2.203 -105
2.204 -112
2.205 -119
2.206 -123
2.207 -126
2.208 -127
2.209 -127
2.21 -125
2.211 -122
2.212 -117
2.213 -110
2.214 -102
2.215 -93
2.216 -82
2.217 -71
2.218 -58
2.219 -45
2.22 -31
2.221 -17
2.222 -3
2.223 12
2.224 26
2.225 40
2.226 54
2.227 66
2.228 78
2.229 89
2.23 99
2.231 108
2.232 115
2.233 121
2.234 125
2.235 127
2.236 128
2.237 128
2.238 126
2.239 122
2.24 116
2.241 109
2.242 101
2.243 92
2.244 81
2.245 69
2.246 56
2.247 43
2.248 29
2.249 15
2.25 1
2.251 -14
2.252 -28
2.253 -42
2.254 -55
2.255 -68
2.256 -80
2.257 -91
2.258 -100
2.259 -108
2.26 -115
2.261 -121
2.262 -125
2.263 -127
2.264 -127
2.265 -126
2.266 -124
2.267 -120
2.268 -114
2.269 -107
2.27 -98
2.271 -88
2.272 -77
2.273 -65
2.274 -53
2.275 -39
2.276 -25
2.277 -11
2.278 4
2.279 18
2.28 32
2.281 46
2.282 59
2.283 72
2.284 83
2.285 94
2.286 103
2.287 111
2.288 118
2.289 123
2.29 126
2.291 128
2.292 128
2.293 127
2.294 124
2.295 120
2.296 113
2.297 106
2.298 97
2.299 87
2.3 76
2.301 64
2.302 51
2.303 37
2.304 23
2.305 9
2.306 -6
2.307 -20
2.308 -34
2.309 -48
2.31 -61
2.311 -73
2.312 -85
2.313 -95
2.314 -104
2.315 -112
2.316 -118
2.317 -123
2.318 -126
2.319 -127
2.32 -127
2.321 -126
2.322 -122
2.323 -117
2.324 -111
2.325 -103
2.326 -94
2.327 -84
2.328 -72
2.329 -60
2.33 -47
2.331 -33
2.332 -19
2.333 -4
2.334 10
2.335 24
2.336 39
2.337 52
2.338 65
2.339 77
2.34 88
2.341 98
2.342 107
2.343 114
2.344 120
2.345 124
2.346 127
2.347 128
2.348 128
2.349 126
2.35 122
2.351 117
2.352 110
2.353 102
2.354 93
2.355 82
2.356 70
2.357 58
2.358 45
2.359 31
2.36 17
2.361 2
2.362 -12
2.363 -27
2.364 -41
2.365 -54
2.366 -67
2.367 -79
2.368 -89
2.369 -99
2.37 -108
2.371 -115
2.372 -120
2.373 -124
2.374 -127
2.375 -128
2.376 -127
2.377 -124
2.378 -120
2.379 -115
2.38 -108
2.381 -99
2.382 -89
2.383 -79
2.384 -67
2.385 -54
2.386 -41
2.387 -27
2.388 -12
2.389 2
2.39 17
2.391 31
2.392 45
2.393 58
2.394 70
2.395 82
2.396 93
2.397 102
2.398 110
2.399 117
2.4 122
2.401 126
2.402 128
2.403 128
2.404 127
2.405 124
2.406 120
2.407 114
2.408 107
2.409 98
2.41 88
2.411 77
2.412 65
2.413 52
2.414 39
2.415 24
2.416 10
2.417 -4
2.418 -19
2.419 -33
2.42 -47
2.421 -60
2.422 -72
2.423 -84
2.424 -94
2.425 -103
2.426 -111
2.427 -117
2.428 -122
2.429 -126
2.43 -127
2.431 -127
2.432 -126
2.433 -123
2.434 -118
2.435 -112
2.436 -104
2.437 -95
2.438 -85
2.439 -73
2.44 -61
2.441 -48
2.442 -34
2.443 -20
2.444 -6
2.445 9
2.446 23
2.447 37
2.448 51
2.449 64
2.45 76
2.451 87
2.452 97
2.453 106
2.454 113
2.455 120
2.456 124
2.457 127
2.458 128
2.459 128
2.46 126
2.461 123
2.462 118
2.463 111
2.464 103
2.465 94
2.466 83
2.467 72
2.468 59
2.469 46
2.47 32
2.471 18
2.472 4
2.473 -11
2.474 -25
2.475 -39
2.476 -53
2.477 -65
2.478 -77
2.479 -88
2.48 -98
2.481 -107
2.482 -114
2.483 -120
2.484 -124
2.485 -126
2.486 -127
2.487 -127
2.488 -125
2.489 -121
2.49 -115
2.491 -108
2.492 -100
2.493 -91
2.494 -80
2.495 -68
2.496 -55
2.497 -42
2.498 -28
2.499 -14
2.5 1
2.501 15
2.502 29
2.503 43
2.504 56
2.505 69
2.506 81
2.507 92
2.508 101
2.509 109
2.51 116
2.511 122
2.512 126
2.513 128
2.514 128
2.515 127
2.516 125
2.517 121
2.518 115
2.519 108
2.52 99
2.521 89
2.522 78
2.523 66
2.524 54
2.525 40
2.526 26
2.527 12
2.528 -3
2.529 -17
2.53 -31
2.531 -45
2.532 -58
2.533 -71
2.534 -82
2.535 -93
2.536 -102
2.537 -110
2.538 -117
2.539 -122
2.54 -125
2.541 -127
2.542 -127
2.543 -126
2.544 -123
2.545 -119
2.546 -112
2.547 -105
2.548 -96
2.549 -86
2.55 -75
2.551 -63
2.552 -50
2.553 -36
2.554 -22
2.555 -8
2.556 7
2.557 21
2.558 35
2.559 49
2.56 62
2.561 74
2.562 86
2.563 96
2.564 105
2.565 113
2.566 119
2.567 124
2.568 127
2.569 128
2.57 128
2.571 127
2.572 123
2.573 118
2.574 112
2.575 104
2.576 95
2.577 85
2.578 73
2.579 61
2.58 48
2.581 34
2.582 20
2.583 5
2.584 -9
2.585 -23
2.586 -38
2.587 -51
2.588 -64
2.589 -76
2.59 -87
2.591 -97
2.592 -106
2.593 -113
2.594 -119
2.595 -123
2.596 -126
2.597 -127
2.598 -127
2.599 -125
2.6 -121
2.601 -116
2.602 -109
2.603 -101
2.604 -92
2.605 -81
2.606 -69
2.607 -57
2.608 -44
2.609 -30
2.61 -16
2.611 -1
2.612 13
2.613 28
2.614 42
2.615 55
2.616 68
2.617 80
2.618 90
2.619 100
2.62 109
2.621 116
2.622 121
2.623 125
2.624 128
2.625 128
2.626 128
2.627 125
2.628 121
2.629 116
2.63 109
2.631 100
2.632 90
2.633 80
2.634 68
2.635 55
2.636 42
2.637 28
2.638 13
2.639 -1
2.64 -16
2.641 -30
2.642 -44
2.643 -57
2.644 -69
2.645 -81
2.646 -92
2.647 -101
2.648 -109
2.649 -116
2.65 -121
2.651 -125
2.652 -127
2.653 -127
2.654 -126
2.655 -123
2.656 -119
2.657 -113
2.658 -106
2.659 -97
2.66 -87
2.661 -76
2.662 -64
2.663 -51
2.664 -38
2.665 -23
2.666 -9
2.667 5
2.668 20
2.669 34
2.67 48
2.671 61
2.672 73
2.673 85
2.674 95
2.675 104
2.676 112
2.677 118
2.678 123
2.679 127
2.68 128
2.681 128
2.682 127
2.683 124
2.684 119
2.685 113
2.686 105
2.687 96
2.688 86
2.689 74
2.69 62
2.691 49
2.692 35
2.693 21
2.694 7
2.695 -8
2.696 -22
2.697 -36
2.698 -50
2.699 -63
2.7 -75
2.701 -86
2.702 -96
2.703 -105
2.704 -112
2.705 -119
2.706 -123
2.707 -126
2.708 -127
2.709 -127
2.71 -125
2.711 -122
2.712 -117
2.713 -110
2.714 -102
2.715 -93
2.716 -82
2.717 -71
2.718 -58
2.719 -45
2.72 -31
2.721 -17
2.722 -3
2.723 12
2.724 26
2.725 40
2.726 54
2.727 66
2.728 78
2.729 89
2.73 99
2.731 108
2.732 115
2.733 121
2.734 125
2.735 127
2.736 128
2.737 128
2.738 126
2.739 122
2.74 116
2.741 109
2.742 101
2.743 92
2.744 81
2.745 69
2.746 56
2.747 43
2.748 29
2.749 15
2.75 -0
2.751 -14
2.752 -28
2.753 -42
2.754 -55
2.755 -68
2.756 -80
2.757 -91
2.758 -100
2.759 -108
2.76 -115
2.761 -121
2.762 -125
2.763 -127
2.764 -127
2.765 -126
2.766 -124
2.767 -120
2.768 -114
2.769 -107
2.77 -98
2.771 -88
2.772 -77
2.773 -65
2.774 -53
2.775 -39
2.776 -25
2.777 -11
2.778 4
2.779 18
2.78 32
2.781 46
2.782 59
2.783 72
2.784 83
2.785 94
2.786 103
2.787 111
2.788 118
2.789 123
2.79 126
2.791 128
2.792 128
2.793 127
2.794 124
2.795 120
2.796 113
2.797 106
2.798 97
2.799 87
2.8 76
2.801 64
2.802 51
2.803 37
2.804 23
2.805 9
2.806 -6
2.807 -20
2.808 -34
2.809 -48
2.81 -61
2.811 -73
2.812 -85
2.813 -95
2.814 -104
2.815 -112
2.816 -118
2.817 -123
2.818 -126
2.819 -127
2.82 -127
2.821 -126
2.822 -122
2.823 -117
2.824 -111
2.825 -103
2.826 -94
2.827 -84
2.828 -72
2.829 -60
2.83 -47
2.831 -33
2.832 -19
2.833 -4
2.834 10
2.835 24
2.836 39
2.837 52
2.838 65
2.839 77
2.84 88
2.841 98
2.842 107
2.843 114
2.844 120
2.845 124
2.846 127
2.847 128
2.848 128
2.849 126
2.85 122
2.851 117
2.852 110
2.853 102
2.854 93
2.855 82
2.856 70
2.857 58
2.858 45
2.859 31
2.86 17
2.861 2
2.862 -12
2.863 -27
2.864 -41
2.865 -54
2.866 -67
2.867 -79
2.868 -89
2.869 -99
2.87 -108
2.871 -115
2.872 -120
2.873 -124
2.874 -127
2.875 -128
2.876 -127
2.877 -124
2.878 -120
2.879 -115
2.88 -108
2.881 -99
2.882 -89
2.883 -79
2.884 -67
2.885 -54
2.886 -41
2.887 -27
2.888 -12
2.889 2
2.89 17
2.891 31
2.892 45
2.893 58
2.894 70
2.895 82
2.896 93
2.897 102
2.898 110
2.899 117
2.9 122
2.901 126
2.902 128
2.903 128
2.904 127
2.905 124
2.906 120
2.907 114
2.908 107
2.909 98
2.91 88
2.911 77
2.912 65
2.913 52
2.914 39
2.915 24
2.916 10
2.917 -4
2.918 -19
2.919 -33
2.92 -47
2.921 -60
2.922 -72
2.923 -84
2.924 -94
2.925 -103
2.926 -111
2.927 -117
2.928 -122
2.929 -126
2.93 -127
2.931 -127
2.932 -126
2.933 -123
2.934 -118
2.935 -112
2.936 -104
2.937 -95
2.938 -85
2.939 -73
2.94 -61
2.941 -48
2.942 -34
2.943 -20
2.944 -6
2.945 9
2.946 23
2.947 37
2.948 51
2.949 64
2.95 76
2.951 87
2.952 97
2.953 106
2.954 113
2.955 120
2.956 124
2.957 127
2.958 128
2.959 128
2.96 126
2.961 123
2.962 118
2.963 111
2.964 103
2.965 94
2.966 83
2.967 72
2.968 59
2.969 46
2.97 32
2.971 18
2.972 4
2.973 -11
2.974 -25
2.975 -39
2.976 -53
2.977 -65
2.978 -77
2.979 -88
2.98 -98
2.981 -107
2.982 -114
2.983 -120
2.984 -124
2.985 -126
2.986 -127
2.987 -127
2.988 -125
2.989 -121
2.99 -115
2.991 -108
2.992 -100
2.993 -91
2.994 -80
2.995 -68
2.996 -55
2.997 -42
2.998 -28
2.999 -14
3 1
3.001 15
3.002 29
3.003 43
3.004 56
3.005 69
3.006 81
3.007 92
3.008 101
3.009 109
3.01 116
3.011 122
3.012 126
3.013 128
3.014 128
3.015 127
3.016 125
3.017 121
3.018 115
3.019 108
3.02 99
3.021 89
3.022 78
3.023 66
3.024 54
3.025 40
3.026 26
3.027 12
3.028 -3
3.029 -17
3.03 -31
3.031 -45
3.032 -58
3.033 -71
3.034 -82
3.035 -93
3.036 -102
3.037 -110
3.038 -117
3.039 -122
3.04 -125
3.041 -127
3.042 -127
3.043 -126
3.044 -123
3.045 -119
3.046 -112
3.047 -105
3.048 -96
3.049 -86
3.05 -75
3.051 -63
3.052 -50
3.053 -36
3.054 -22
3.055 -8
3.056 7
3.057 21
3.058 35
3.059 49
3.06 62
3.061 74
3.062 86
3.063 96
3.064 105
3.065 113
3.066 119
3.067 124
3.068 127
3.069 128
3.07 128
3.071 127
3.072 123
3.073 118
3.074 112
3.075 104
3.076 95
3.077 85
3.078 73
3.079 61
3.08 48
3.081 34
3.082 20
3.083 5
3.084 -9
3.085 -23
3.086 -38
3.087 -51
3.088 -64
3.089 -76
3.09 -87
3.091 -97
3.092 -106
3.093 -113
3.094 -119
3.095 -123
3.096 -126
3.097 -127
3.098 -127
3.099 -125
3.1 -121
3.101 -116
3.102 -109
3.103 -101
3.104 -92
3.105 -81
3.106 -69
3.107 -57
3.108 -44
3.109 -30
3.11 -16
3.111 -1
3.112 13
3.113 28
3.114 42
3.115 55
3.116 68
3.117 80
3.118 90
3.119 100
3.12 109
3.121 116
3.122 121
3.123 125
3.124 128
3.125 128
3.126 128
3.127 125
3.128 121
3.129 116
3.13 109
3.131 100
3.132 90
3.133 80
3.134 68
3.135 55
3.136 42
3.137 28
3.138 13
3.139 -1
3.14 -16
3.141 -30
3.142 -44
3.143 -57
3.144 -69
3.145 -81
3.146 -92
3.147 -101
3.148 -109
3.149 -116
3.15 -121
3.151 -125
3.152 -127
3.153 -127
3.154 -126
3.155 -123
3.156 -119
3.157 -113
3.158 -106
3.159 -97
3.16 -87
3.161 -76
3.162 -64
3.163 -51
3.164 -38
3.165 -23
3.166 -9
3.167 5
3.168 20
3.169 34
3.17 48
3.171 61
3.172 73
3.173 85
3.174 95
3.175 104
3.176 112
3.177 118
3.178 123
3.179 127
3.18 128
3.181 128
3.182 127
3.183 124
3.184 119
3.185 113
3.186 105
3.187 96
3.188 86
3.189 74
3.19 62
3.191 49
3.192 35
3.193 21
3.194 7
3.195 -8
3.196 -22
3.197 -36
3.198 -50
3.199 -63
3.2 -75
3.201 -86
3.202 -96
3.203 -105
3.204 -112
3.205 -119
3.206 -123
3.207 -126
3.208 -127
3.209 -127
3.21 -125
3.211 -122
3.212 -117
3.213 -110
3.214 -102
3.215 -93
3.216 -82
3.217 -71
3.218 -58
3.219 -45
3.22 -31
3.221 -17
3.222 -3
3.223 12
3.224 26
3.225 40
3.226 54
3.227 66
3.228 78
3.229 89
3.23 99
3.231 108
3.232 115
3.233 121
3.234 125
3.235 127
3.236 128
3.237 128
3.238 126
3.239 122
3.24 116
3.241 109
3.242 101
3.243 92
3.244 81
3.245 69
3.246 56
3.247 43
3.248 29
3.249 15
3.25 -0
3.251 -14
3.252 -28
3.253 -42
3.254 -55
3.255 -68
3.256 -80
3.257 -91
3.258 -100
3.259 -108
3.26 -115
3.261 -121
3.262 -125
3.263 -127
3.264 -127
3.265 -126
3.266 -124
3.267 -120
3.268 -114
3.269 -107
3.27 -98
3.271 -88
3.272 -77
3.273 -65
3.274 -53
3.275 -39
3.276 -25
3.277 -11
3.278 4
3.279 18
3.28 32
3.281 46
3.282 59
3.283 72
3.284 83
3.285 94
3.286 103
3.287 111
3.288 118
3.289 123
3.29 126
3.291 128
3.292 128
3.293 127
3.294 124
3.295 120
3.296 113
3.297 106
3.298 97
3.299 87
3.3 76
3.301 64
3.302 51
3.303 37
3.304 23
3.305 9
3.306 -6
3.307 -20
3.308 -34
3.309 -48
3.31 -61
3.311 -73
3.312 -85
3.313 -95
3.314 -104
3.315 -112
3.316 -118
3.317 -123
3.318 -126
3.319 -127
3.32 -127
3.321 -126
3.322 -122
3.323 -117
3.324 -111
3.325 -103
3.326 -94
3.327 -84
3.328 -72
3.329 -60
3.33 -47
3.331 -33
3.332 -19
3.333 -4
3.334 10
3.335 24
3.336 39
3.337 52
3.338 65
3.339 77
3.34 88
3.341 98
3.342 107
3.343 114
3.344 120
3.345 124
3.346 127
3.347 128
3.348 128
3.349 126
3.35 122
3.351 117
3.352 110
3.353 102
3.354 93
3.355 82
3.356 70
3.357 58
3.358 45
3.359 31
3.36 17
3.361 2
3.362 -12
3.363 -27
3.364 -41
3.365 -54
3.366 -67
3.367 -79
3.368 -89
3.369 -99
3.37 -108
3.371 -115
3.372 -120
3.373 -124
3.374 -127
3.375 -128
3.376 -127
3.377 -124
3.378 -120
3.379 -115
3.38 -108
3.381 -99
3.382 -89
3.383 -79
3.384 -67
3.385 -54
3.386 -41
3.387 -27
3.388 -12
3.389 2
3.39 17
3.391 31
3.392 45
3.393 58
3.394 70
3.395 82
3.396 93
3.397 102
3.398 110
3.399 117
3.4 122
3.401 126
3.402 128
3.403 128
3.404 127
3.405 124
3.406 120
3.407 114
3.408 107
3.409 98
3.41 88
3.411 77
3.412 65
3.413 52
3.414 39
3.415 24
3.416 10
3.417 -4
3.418 -19
3.419 -33
3.42 -47
3.421 -60
3.422 -72
3.423 -84
3.424 -94
3.425 -103
3.426 -111
3.427 -117
3.428 -122
3.429 -126
3.43 -127
3.431 -127
3.432 -126
3.433 -123
3.434 -118
3.435 -112
3.436 -104
3.437 -95
3.438 -85
3.439 -73
3.44 -61
3.441 -48
3.442 -34
3.443 -20
3.444 -6
3.445 9
3.446 23
3.447 37
3.448 51
3.449 64
3.45 76
3.451 87
3.452 97
3.453 106
3.454 113
3.455 120
3.456 124
3.457 127
3.458 128
3.459 128
3.46 126
3.461 123
3.462 118
3.463 111
3.464 103
3.465 94
3.466 83
3.467 72
3.468 59
3.469 46
3.47 32
3.471 18
3.472 4
3.473 -11
3.474 -25
3.475 -39
3.476 -53
3.477 -65
3.478 -77
3.479 -88
3.48 -98
3.481 -107
3.482 -114
3.483 -120
3.484 -124
3.485 -126
3.486 -127
3.487 -127
3.488 -125
3.489 -121
3.49 -115
3.491 -108
3.492 -100
3.493 -91
3.494 -80
3.495 -68
3.496 -55
3.497 -42
3.498 -28
3.499 -14
3.5 1
3.501 15
3.502 29
3.503 43
3.504 56
3.505 69
3.506 81
3.507 92
3.508 101
3.509 109
3.51 116
3.511 122
3.512 126
3.513 128
3.514 128
3.515 127
3.516 125
3.517 121
3.518 115
3.519 108
3.52 99
3.521 89
3.522 78
3.523 66
3.524 54
3.525 40
3.526 26
3.527 12
3.528 -3
3.529 -17
3.53 -31
3.531 -45
3.532 -58
3.533 -71
3.534 -82
3.535 -93
3.536 -102
3.537 -110
3.538 -117
3.539 -122
3.54 -125
3.541 -127
3.542 -127
3.543 -126
3.544 -123
3.545 -119
3.546 -112
3.547 -105
3.548 -96
3.549 -86
3.55 -75
3.551 -63
3.552 -50
3.553 -36
3.554 -22
3.555 -8
3.556 7
3.557 21
3.558 35
3.559 49
3.56 62
3.561 74
3.562 86
3.563 96
3.564 105
3.565 113
3.566 119
3.567 124
3.568 127
3.569 128
3.57 128
3.571 127
3.572 123
3.573 118
3.574 112
3.575 104
3.576 95
3.577 85
3.578 73
3.579 61
3.58 48
3.581 34
3.582 20
3.583 5
3.584 -9
3.585 -23
3.586 -38
3.587 -51
3.588 -64
3.589 -76
3.59 -87
3.591 -97
3.592 -106
3.593 -113
3.594 -119
3.595 -123
3.596 -126
3.597 -127
3.598 -127
3.599 -125
3.6 -121
3.601 -116
3.602 -109
3.603 -101
3.604 -92
3.605 -81
3.606 -69
3.607 -57
3.608 -44
3.609 -30
3.61 -16
3.611 -1
3.612 13
3.613 28
3.614 42
3.615 55
3.616 68
3.617 80
3.618 90
3.619 100
3.62 109
3.621 116
3.622 121
3.623 125
3.624 128
3.625 128
3.626 128
3.627 125
3.628 121
3.629 116
3.63 109
3.631 100
3.632 90
3.633 80
3.634 68
3.635 55
3.636 42
3.637 28
3.638 13
3.639 -1
3.64 -16
3.641 -30
3.642 -44
3.643 -57
3.644 -69
3.645 -81
3.646 -92
3.647 -101
3.648 -109
3.649 -116
3.65 -121
3.651 -125
3.652 -127
3.653 -127
3.654 -126
3.655 -123
3.656 -119
3.657 -113
3.658 -106
3.659 -97
3.66 -87
3.661 -76
3.662 -64
3.663 -51
3.664 -38
3.665 -23
3.666 -9
3.667 5
3.668 20
3.669 34
3.67 48
3.671 61
3.672 73
3.673 85
3.674 95
3.675 104
3.676 112
3.677 118
3.678 123
3.679 127
3.68 128
3.681 128
3.682 127
3.683 124
3.684 119
3.685 113
3.686 105
3.687 96
3.688 86
3.689 74
3.69 62
3.691 49
3.692 35
3.693 21
3.694 7
3.695 -8
3.696 -22
3.697 -36
3.698 -50
3.699 -63
3.7 -75
3.701 -86
3.702 -96
3.703 -105
3.704 -112
3.705 -119
3.706 -123
3.707 -126
3.708 -127
3.709 -127
3.71 -125
3.711 -122
3.712 -117
3.713 -110
3.714 -102
3.715 -93
3.716 -82
3.717 -71
3.718 -58
3.719 -45
3.72 -31
3.721 -17
3.722 -3
3.723 12
3.724 26
3.725 40
3.726 54
3.727 66
3.728 78
3.729 89
3.73 99
3.731 108
3.732 115
3.733 121
3.734 125
3.735 127
3.736 128
3.737 128
3.738 126
3.739 122
3.74 116
3.741 109
3.742 101
3.743 92
3.744 81
3.745 69
3.746 56
3.747 43
3.748 29
3.749 15
3.75 -0
3.751 -14
3.752 -28
3.753 -42
3.754 -55
3.755 -68
3.756 -80
3.757 -91
3.758 -100
3.759 -108
3.76 -115
3.761 -121
3.762 -125
3.763 -127
3.764 -127
3.765 -126
3.766 -124
3.767 -120
3.768 -114
3.769 -107
3.77 -98
3.771 -88
3.772 -77
3.773 -65
3.774 -53
3.775 -39
3.776 -25
3.777 -11
3.778 4
3.779 18
3.78 32
3.781 46
3.782 59
3.783 72
3.784 83
3.785 94
3.786 103
3.787 111
3.788 118
3.789 123
3.79 126
3.791 128
3.792 128
3.793 127
3.794 124
3.795 120
3.796 113
3.797 106
3.798 97
3.799 87
3.8 76
3.801 64
3.802 51
3.803 37
3.804 23
3.805 9
3.806 -6
3.807 -20
3.808 -34
3.809 -48
3.81 -61
3.811 -73
3.812 -85
3.813 -95
3.814 -104
3.815 -112
3.816 -118
3.817 -123
3.818 -126
3.819 -127
3.82 -127
3.821 -126
3.822 -122
3.823 -117
3.824 -111
3.825 -103
3.826 -94
3.827 -84
3.828 -72
3.829 -60
3.83 -47
3.831 -33
3.832 -19
3.833 -4
3.834 10
3.835 24
3.836 39
3.837 52
3.838 65
3.839 77
3.84 88
3.841 98
3.842 107
3.843 114
3.844 120
3.845 124
3.846 127
3.847 128
3.848 128
3.849 126
3.85 122
3.851 117
3.852 110
3.853 102
3.854 93
3.855 82
3.856 70
3.857 58
3.858 45
3.859 31
3.86 17
3.861 2
3.862 -12
3.863 -27
3.864 -41
3.865 -54
3.866 -67
3.867 -79
3.868 -89
3.869 -99
3.87 -108
3.871 -115
3.872 -120
3.873 -124
3.874 -127
3.875 -128
3.876 -127
3.877 -124
3.878 -120
3.879 -115
3.88 -108
3.881 -99
3.882 -89
3.883 -79
3.884 -67
3.885 -54
3.886 -41
3.887 -27
3.888 -12
3.889 2
3.89 17
3.891 31
3.892 45
3.893 58
3.894 70
3.895 82
3.896 93
3.897 102
3.898 110
3.899 117
3.9 122
3.901 126
3.902 128
3.903 128
3.904 127
3.905 124
3.906 120
3.907 114
3.908 107
3.909 98
3.91 88
3.911 77
3.912 65
3.913 52
3.914 39
3.915 24
3.916 10
3.917 -4
3.918 -19
3.919 -33
3.92 -47
3.921 -60
3.922 -72
3.923 -84
3.924 -94
3.925 -103
3.926 -111
3.927 -117
3.928 -122
3.929 -126
3.93 -127
3.931 -127
3.932 -126
3.933 -123
3.934 -118
3.935 -112
3.936 -104
3.937 -95
3.938 -85
3.939 -73
3.94 -61
3.941 -48
3.942 -34
3.943 -20
3.944 -6
3.945 9
3.946 23
3.947 37
3.948 51
3.949 64
3.95 76
3.951 87
3.952 97
3.953 106
3.954 113
3.955 120
3.956 124
3.957 127
3.958 128
3.959 128
3.96 126
3.961 123
3.962 118
3.963 111
3.964 103
3.965 94
3.966 83
3.967 72
3.968 59
3.969 46
3.97 32
3.971 18
3.972 4
3.973 -11
3.974 -25
3.975 -39
3.976 -53
3.977 -65
3.978 -77
3.979 -88
3.98 -98
3.981 -107
3.982 -114
3.983 -120
3.984 -124
3.985 -126
3.986 -127
3.987 -127
3.988 -125
3.989 -121
3.99 -115
3.991 -108
3.992 -100
3.993 -91
3.994 -80
3.995 -68
3.996 -55
3.997 -42
3.998 -28
3.999 -14
4 -0
4.001 15
4.002 29
4.003 43
4.004 56
4.005 69
4.006 81
4.007 92
4.008 101
4.009 109
4.01 116
4.011 122
4.012 126
4.013 128
4.014 128
4.015 127
4.016 125
4.017 121
4.018 115
4.019 108
4.02 99
4.021 89
4.022 78
4.023 66
4.024 54
4.025 40
4.026 26
4.027 12
4.028 -3
4.029 -17
4.03 -31
4.031 -45
4.032 -58
4.033 -71
4.034 -82
4.035 -93
4.036 -102
4.037 -110
4.038 -117
4.039 -122
4.04 -125
4.041 -127
4.042 -127
4.043 -126
4.044 -123
4.045 -119
4.046 -112
4.047 -105
4.048 -96
4.049 -86
4.05 -75
4.051 -63
4.052 -50
4.053 -36
4.054 -22
4.055 -8
4.056 7
4.057 21
4.058 35
4.059 49
4.06 62
4.061 74
4.062 86
4.063 96
4.064 105
4.065 113
4.066 119
4.067 124
4.068 127
4.069 128
4.07 128
4.071 127
4.072 123
4.073 118
4.074 112
4.075 104
4.076 95
4.077 85
4.078 73
4.079 61
4.08 48
4.081 34
4.082 20
4.083 5
4.084 -9
4.085 -23
4.086 -38
4.087 -51
4.088 -64
4.089 -76
4.09 -87
4.091 -97
4.092 -106
4.093 -113
4.094 -119
4.095 -123
4.096 -126
4.097 -127
4.098 -127
4.099 -125
4.1 -121
4.101 -116
4.102 -109
4.103 -101
4.104 -92
4.105 -81
4.106 -69
4.107 -57
4.108 -44
4.109 -30
4.11 -16
4.111 -1
4.112 13
4.113 28
4.114 42
4.115 55
4.116 68
4.117 80
4.118 90
4.119 100
4.12 109
4.121 116
4.122 121
4.123 125
4.124 128
4.125 128
4.126 128
4.127 125
4.128 121
4.129 116
4.13 109
4.131 100
4.132 90
4.133 80
4.134 68
4.135 55
4.136 42
4.137 28
4.138 13
4.139 -1
4.14 -16
4.141 -30
4.142 -44
4.143 -57
4.144 -69
4.145 -81
4.146 -92
4.147 -101
4.148 -109
4.149 -116
4.15 -121
4.151 -125
4.152 -127
4.153 -127
4.154 -126
4.155 -123
4.156 -119
4.157 -113
4.158 -106
4.159 -97
4.16 -87
4.161 -76
4.162 -64
4.163 -51
4.164 -38
4.165 -23
4.166 -9
4.167 5
4.168 20
4.169 34
4.17 48
4.171 61
4.172 73
4.173 85
4.174 95
4.175 104
4.176 112
4.177 118
4.178 123
4.179 127
4.18 128
4.181 128
4.182 127
4.183 124
4.184 119
4.185 113
4.186 105
4.187 96
4.188 86
4.189 74
4.19 62
4.191 49
4.192 35
4.193 21
4.194 7
4.195 -8
4.196 -22
4.197 -36
4.198 -50
4.199 -63
4.2 -75
4.201 -86
4.202 -96
4.203 -105
4.204 -112
4.205 -119
4.206 -123
4.207 -126
4.208 -127
4.209 -127
4.21 -125
4.211 -122
4.212 -117
4.213 -110
4.214 -102
4.215 -93
4.216 -82
4.217 -71
4.218 -58
4.219 -45
4.22 -31
4.221 -17
4.222 -3
4.223 12
4.224 26
4.225 40
4.226 54
4.227 66
4.228 78
4.229 89
4.23 99
4.231 108
4.232 115
4.233 121
4.234 125
4.235 127
4.236 128
4.237 128
4.238 126
4.239 122
4.24 116
4.241 109
4.242 101
4.243 92
4.244 81
4.245 69
4.246 56
4.247 43
4.248 29
4.249 15
4.25 -0
4.251 -14
4.252 -28
4.253 -42
4.254 -55
4.255 -68
4.256 -80
4.257 -91
4.258 -100
4.259 -108
4.26 -115
4.261 -121
4.262 -125
4.263 -127
4.264 -127
4.265 -126
4.266 -124
4.267 -120
4.268 -114
4.269 -107
4.27 -98
4.271 -88
4.272 -77
4.273 -65
4.274 -53
4.275 -39
4.276 -25
4.277 -11
4.278 4
4.279 18
4.28 32
4.281 46
4.282 59
4.283 72
4.284 83
4.285 94
4.286 103
4.287 111
4.288 118
4.289 123
4.29 126
4.291 128
4.292 128
4.293 127
4.294 124
4.295 120
4.296 113
4.297 106
4.298 97
4.299 87
4.3 76
4.301 64
4.302 51
4.303 37
4.304 23
4.305 9
4.306 -6
4.307 -20
4.308 -34
4.309 -48
4.31 -61
4.311 -73
4.312 -85
4.313 -95
4.314 -104
4.315 -112
4.316 -118
4.317 -123
4.318 -126
4.319 -127
4.32 -127
4.321 -126
4.322 -122
4.323 -117
4.324 -111
4.325 -103
4.326 -94
4.327 -84
4.328 -72
4.329 -60
4.33 -47
4.331 -33
4.332 -19
4.333 -4
4.334 10
4.335 24
4.336 39
4.337 52
4.338 65
4.339 77
4.34 88
4.341 98
4.342 107
4.343 114
4.344 120
4.345 124
4.346 127
4.347 128
4.348 128
4.349 126
4.35 122
4.351 117
4.352 110
4.353 102
4.354 93
4.355 82
4.356 70
4.357 58
4.358 45
4.359 31
4.36 17
4.361 2
4.362 -12
4.363 -27
4.364 -41
4.365 -54
4.366 -67
4.367 -79
4.368 -89
4.369 -99
4.37 -108
4.371 -115
4.372 -120
4.373 -124
4.374 -127
4.375 -128
4.376 -127
4.377 -124
4.378 -120
4.379 -115
4.38 -108
4.381 -99
4.382 -89
4.383 -79
4.384 -67
4.385 -54
4.386 -41
4.387 -27
4.388 -12
4.389 2
4.39 17
4.391 31
4.392 45
4.393 58
4.394 70
4.395 82
4.396 93
4.397 102
4.398 110
4.399 117
4.4 122
4.401 126
4.402 128
4.403 128
4.404 127
4.405 124
4.406 120
4.407 114
4.408 107
4.409 98
4.41 88
4.411 77
4.412 65
4.413 52
4.414 39
4.415 24
4.416 10
4.417 -4
4.418 -19
4.419 -33
4.42 -47
4.421 -60
4.422 -72
4.423 -84
4.424 -94
4.425 -103
4.426 -111
4.427 -117
4.428 -122
4.429 -126
4.43 -127
4.431 -127
4.432 -126
4.433 -123
4.434 -118
4.435 -112
4.436 -104
4.437 -95
4.438 -85
4.439 -73
4.44 -61
4.441 -48
4.442 -34
4.443 -20
4.444 -6
4.445 9
4.446 23
4.447 37
4.448 51
4.449 64
4.45 76
4.451 87
4.452 97
4.453 106
4.454 113
4.455 120
4.456 124
4.457 127
4.458 128
4.459 128
4.46 126
4.461 123
4.462 118
4.463 111
4.464 103
4.465 94
4.466 83
4.467 72
4.468 59
4.469 46
4.47 32
4.471 18
4.472 4
4.473 -11
4.474 -25
4.475 -39
4.476 -53
4.477 -65
4.478 -77
4.479 -88
4.48 -98
4.481 -107
4.482 -114
4.483 -120
4.484 -124
4.485 -126
4.486 -127
4.487 -127
4.488 -125
4.489 -121
4.49 -115
4.491 -108
4.492 -100
4.493 -91
4.494 -80
4.495 -68
4.496 -55
4.497 -42
4.498 -28
4.499 -14
4.5 -0
4.501 15
4.502 29
4.503 43
4.504 56
4.505 69
4.506 81
4.507 92
4.508 101
4.509 109
4.51 116
4.511 122
4.512 126
4.513 128
4.514 128
4.515 127
4.516 125
4.517 121
4.518 115
4.519 108
4.52 99
4.521 89
4.522 78
4.523 66
4.524 54
4.525 40
4.526 26
4.527 12
4.528 -3
4.529 -17
4.53 -31
4.531 -45
4.532 -58
4.533 -71
4.534 -82
4.535 -93
4.536 -102
4.537 -110
4.538 -117
4.539 -122
4.54 -125
4.541 -127
4.542 -127
4.543 -126
4.544 -123
4.545 -119
4.546 -112
4.547 -105
4.548 -96
4.549 -86
4.55 -75
4.551 -63
4.552 -50
4.553 -36
4.554 -22
4.555 -8
4.556 7
4.557 21
4.558 35
4.559 49
4.56 62
4.561 74
4.562 86
4.563 96
4.564 105
4.565 113
4.566 119
4.567 124
4.568 127
4.569 128
4.57 128
4.571 127
4.572 123
4.573 118
4.574 112
4.575 104
4.576 95
4.577 85
4.578 73
4.579 61
4.58 48
4.581 34
4.582 20
4.583 5
4.584 -9
4.585 -23
4.586 -38
4.587 -51
4.588 -64
4.589 -76
4.59 -87
4.591 -97
4.592 -106
4.593 -113
4.594 -119
4.595 -123
4.596 -126
4.597 -127
4.598 -127
4.599 -125
4.6 -121
4.601 -116
4.602 -109
4.603 -101
4.604 -92
4.605 -81
4.606 -69
4.607 -57
4.608 -44
4.609 -30
4.61 -16
4.611 -1
4.612 13
4.613 28
4.614 42
4.615 55
4.616 68
4.617 80
4.618 90
4.619 100
4.62 109
4.621 116
4.622 121
4.623 125
4.624 128
4.625 128
4.626 128
4.627 125
4.628 121
4.629 116
4.63 109
4.631 100
4.632 90
4.633 80
4.634 68
4.635 55
4.636 42
4.637 28
4.638 13
4.639 -1
4.64 -16
4.641 -30
4.642 -44
4.643 -57
4.644 -69
4.645 -81
4.646 -92
4.647 -101
4.648 -109
4.649 -116
4.65 -121
4.651 -125
4.652 -127
4.653 -127
4.654 -126
4.655 -123
4.656 -119
4.657 -113
4.658 -106
4.659 -97
4.66 -87
4.661 -76
4.662 -64
4.663 -51
4.664 -38
4.665 -23
4.666 -9
4.667 5
4.668 20
4.669 34
4.67 48
4.671 61
4.672 73
4.673 85
4.674 95
4.675 104
4.676 112
4.677 118
4.678 123
4.679 127
4.68 128
4.681 128
4.682 127
4.683 124
4.684 119
4.685 113
4.686 105
4.687 96
4.688 86
4.689 74
4.69 62
4.691 49
4.692 35
4.693 21
4.694 7
4.695 -8
4.696 -22
4.697 -36
4.698 -50
4.699 -63
4.7 -75
4.701 -86
4.702 -96
4.703 -105
4.704 -112
4.705 -119
4.706 -123
4.707 -126
4.708 -127
4.709 -127
4.71 -125
4.711 -122
4.712 -117
4.713 -110
4.714 -102
4.715 -93
4.716 -82
4.717 -71
4.718 -58
4.719 -45
4.72 -31
4.721 -17
4.722 -3
4.723 12
4.724 26
4.725 40
4.726 54
4.727 66
4.728 78
4.729 89
4.73 99
4.731 108
4.732 115
4.733 121
4.734 125
4.735 127
4.736 128
4.737 128
4.738 126
4.739 122
4.74 116
4.741 109
4.742 101
4.743 92
4.744 81
4.745 69
4.746 56
4.747 43
4.748 29
4.749 15
4.75 1
4.751 -14
4.752 -28
4.753 -42
4.754 -55
4.755 -68
4.756 -80
4.757 -91
4.758 -100
4.759 -108
4.76 -115
4.761 -121
4.762 -125
4.763 -127
4.764 -127
4.765 -126
4.766 -124
4.767 -120
4.768 -114
4.769 -107
4.77 -98
4.771 -88
4.772 -77
4.773 -65
4.774 -53
4.775 -39
4.776 -25
4.777 -11
4.778 4
4.779 18
4.78 32
4.781 46
4.782 59
4.783 72
4.784 83
4.785 94
4.786 103
4.787 111
4.788 118
4.789 123
4.79 126
4.791 128
4.792 128
4.793 127
4.794 124
4.795 120
4.796 113
4.797 106
4.798 97
4.799 87
4.8 76
4.801 64
4.802 51
4.803 37
4.804 23
4.805 9
4.806 -6
4.807 -20
4.808 -34
4.809 -48
4.81 -61
4.811 -73
4.812 -85
4.813 -95
4.814 -104
4.815 -112
4.816 -118
4.817 -123
4.818 -126
4.819 -127
4.82 -127
4.821 -126
4.822 -122
4.823 -117
4.824 -111
4.825 -103
4.826 -94
4.827 -84
4.828 -72
4.829 -60
4.83 -47
4.831 -33
4.832 -19
4.833 -4
4.834 10
4.835 24
4.836 39
4.837 52
4.838 65
4.839 77
4.84 88
4.841 98
4.842 107
4.843 114
4.844 120
4.845 124
4.846 127
4.847 128
4.848 128
4.849 126
4.85 122
4.851 117
4.852 110
4.853 102
4.854 93
4.855 82
4.856 70
4.857 58
4.858 45
4.859 31
4.86 17
4.861 2
4.862 -12
4.863 -27
4.864 -41
4.865 -54
4.866 -67
4.867 -79
4.868 -89
4.869 -99
4.87 -108
4.871 -115
4.872 -120
4.873 -124
4.874 -127
4.875 -128
4.876 -127
4.877 -124
4.878 -120
4.879 -115
4.88 -108
4.881 -99
4.882 -89
4.883 -79
4.884 -67
4.885 -54
4.886 -41
4.887 -27
4.888 -12
4.889 2
4.89 17
4.891 31
4.892 45
4.893 58
4.894 70
4.895 82
4.896 93
4.897 102
4.898 110
4.899 117
4.9 122
4.901 126
4.902 128
4.903 128
4.904 127
4.905 124
4.906 120
4.907 114
4.908 107
4.909 98
4.91 88
4.911 77
4.912 65
4.913 52
4.914 39
4.915 24
4.916 10
4.917 -4
4.918 -19
4.919 -33
4.92 -47
4.921 -60
4.922 -72
4.923 -84
4.924 -94
4.925 -103
4.926 -111
4.927 -117
4.928 -122
4.929 -126
4.93 -127
4.931 -127
4.932 -126
4.933 -123
4.934 -118
4.935 -112
4.936 -104
4.937 -95
4.938 -85
4.939 -73
4.94 -61
4.941 -48
4.942 -34
4.943 -20
4.944 -6
4.945 9
4.946 23
4.947 37
4.948 51
4.949 64
4.95 76
4.951 87
4.952 97
4.953 106
4.954 113
4.955 120
4.956 124
4.957 127
4.958 128
4.959 128
4.96 126
4.961 123
4.962 118
4.963 111
4.964 103
4.965 94
4.966 83
4.967 72
4.968 59
4.969 46
4.97 32
4.971 18
4.972 4
4.973 -11
4.974 -25
4.975 -39
4.976 -53
4.977 -65
4.978 -77
4.979 -88
4.98 -98
4.981 -107
4.982 -114
4.983 -120
4.984 -124
4.985 -126
4.986 -127
4.987 -127
4.988 -125
4.989 -121
4.99 -115
4.991 -108
4.992 -100
4.993 -91
4.994 -80
4.995 -68
4.996 -55
4.997 -42
4.998 -28
4.999 -14
5 -0
5.001 15
5.002 29
5.003 43
5.004 56
5.005 69
5.006 81
5.007 92
5.008 101
5.009 109
5.01 116
5.011 122
5.012 126
5.013 128
5.014 128
5.015 127
5.016 125
5.017 121
5.018 115
5.019 108
5.02 99
5.021 89
5.022 78
5.023 66
5.024 54
5.025 40
5.026 26
5.027 12
5.028 -3
5.029 -17
5.03 -31
5.031 -45
5.032 -58
5.033 -71
5.034 -82
5.035 -93
5.036 -102
5.037 -110
5.038 -117
5.039 -122
5.04 -125
5.041 -127
5.042 -127
5.043 -126
5.044 -123
5.045 -119
5.046 -112
5.047 -105
5.048 -96
5.049 -86
5.05 -75
5.051 -63
5.052 -50
5.053 -36
5.054 -22
5.055 -8
5.056 7
5.057 21
5.058 35
5.059 49
5.06 62
5.061 74
5.062 86
5.063 96
5.064 105
5.065 113
5.066 119
5.067 124
5.068 127
5.069 128
5.07 128
5.071 127
5.072 123
5.073 118
5.074 112
5.075 104
5.076 95
5.077 85
5.078 73
5.079 61
5.08 48
5.081 34
5.082 20
5.083 5
5.084 -9
5.085 -23
5.086 -38
5.087 -51
5.088 -64
5.089 -76
5.09 -87
5.091 -97
5.092 -106
5.093 -113
5.094 -119
5.095 -123
5.096 -126
5.097 -127
5.098 -127
5.099 -125
5.1 -121
5.101 -116
5.102 -109
5.103 -101
5.104 -92
5.105 -81
5.106 -69
5.107 -57
5.108 -44
5.109 -30
5.11 -16
5.111 -1
5.112 13
5.113 28
5.114 42
5.115 55
5.116 68
5.117 80
5.118 90
5.119 100
5.12 109
5.121 116
5.122 121
5.123 125
5.124 128
5.125 128
5.126 128
5.127 125
5.128 121
5.129 116
5.13 109
5.131 100
5.132 90
5.133 80
5.134 68
5.135 55
5.136 42
5.137 28
5.138 13
5.139 -1
5.14 -16
5.141 -30
5.142 -44
5.143 -57
5.144 -69
5.145 -81
5.146 -92
5.147 -101
5.148 -109
5.149 -116
5.15 -121
5.151 -125
5.152 -127
5.153 -127
5.154 -126
5.155 -123
5.156 -119
5.157 -113
5.158 -106
5.159 -97
5.16 -87
5.161 -76
5.162 -64
5.163 -51
5.164 -38
5.165 -23
5.166 -9
5.167 5
5.168 20
5.169 34
5.17 48
5.171 61
5.172 73
5.173 85
5.174 95
5.175 104
5.176 112
5.177 118
5.178 123
5.179 127
5.18 128
5.181 128
5.182 127
5.183 124
5.184 119
5.185 113
5.186 105
5.187 96
5.188 86
5.189 74
5.19 62
5.191 49
5.192 35
5.193 21
5.194 7
5.195 -8
5.196 -22
5.197 -36
5.198 -50
5.199 -63
5.2 -75
5.201 -86
5.202 -96
5.203 -105
5.204 -112
5.205 -119
5.206 -123
5.207 -126
5.208 -127
5.209 -127
5.21 -125
5.211 -122
5.212 -117
5.213 -110
5.214 -102
5.215 -93
5.216 -82
5.217 -71
5.218 -58
5.219 -45
5.22 -31
5.221 -17
5.222 -3
5.223 12
5.224 26
5.225 40
5.226 54
5.227 66
5.228 78
5.229 89
5.23 99
5.231 108
5.232 115
5.233 121
5.234 125
5.235 127
5.236 128
5.237 128
5.238 126
5.239 122
5.24 116
5.241 109
5.242 101
5.243 92
5.244 81
5.245 69
5.246 56
5.247 43
5.248 29
5.249 15
5.25 -0
5.251 -14
5.252 -28
5.253 -42
5.254 -55
5.255 -68
5.256 -80
5.257 -91
5.258 -100
5.259 -108
5.26 -115
5.261 -121
5.262 -125
5.263 -127
5.264 -127
5.265 -126
5.266 -124
5.267 -120
5.268 -114
5.269 -107
5.27 -98
5.271 -88
5.272 -77
5.273 -65
5.274 -53
5.275 -39
5.276 -25
5.277 -11
5.278 4
5.279 18
5.28 32
5.281 46
5.282 59
5.283 72
5.284 83
5.285 94
5.286 103
5.287 111
5.288 118
5.289 123
5.29 126
5.291 128
5.292 128
5.293 127
5.294 124
5.295 120
5.296 113
5.297 106
5.298 97
5.299 87
5.3 76
5.301 64
5.302 51
5.303 37
5.304 23
5.305 9
5.306 -6
5.307 -20
5.308 -34
5.309 -48
5.31 -61
5.311 -73
5.312 -85
5.313 -95
5.314 -104
5.315 -112
5.316 -118
5.317 -123
5.318 -126
5.319 -127
5.32 -127
5.321 -126
5.322 -122
5.323 -117
5.324 -111
5.325 -103
5.326 -94
5.327 -84
5.328 -72
5.329 -60
5.33 -47
5.331 -33
5.332 -19
5.333 -4
5.334 10
5.335 24
5.336 39
5.337 52
5.338 65
5.339 77
5.34 88
5.341 98
5.342 107
5.343 114
5.344 120
5.345 124
5.346 127
5.347 128
5.348 128
5.349 126
5.35 122
5.351 117
5.352 110
5.353 102
5.354 93
5.355 82
5.356 70
5.357 58
5.358 45
5.359 31
5.36 17
5.361 2
5.362 -12
5.363 -27
5.364 -41
5.365 -54
5.366 -67
5.367 -79
5.368 -89
5.369 -99
5.37 -108
5.371 -115
5.372 -120
5.373 -124
5.374 -127
5.375 -128
5.376 -127
5.377 -124
5.378 -120
5.379 -115
5.38 -108
5.381 -99
5.382 -89
5.383 -79
5.384 -67
5.385 -54
5.386 -41
5.387 -27
5.388 -12
5.389 2
5.39 17
5.391 31
5.392 45
5.393 58
5.394 70
5.395 82
5.396 93
5.397 102
5.398 110
5.399 117
5.4 122
5.401 126
5.402 128
5.403 128
5.404 127
5.405 124
5.406 120
5.407 114
5.408 107
5.409 98
5.41 88
5.411 77
5.412 65
5.413 52
5.414 39
5.415 24
5.416 10
5.417 -4
5.418 -19
5.419 -33
5.42 -47
5.421 -60
5.422 -72
5.423 -84
5.424 -94
5.425 -103
5.426 -111
5.427 -117
5.428 -122
5.429 -126
5.43 -127
5.431 -127
5.432 -126
5.433 -123
5.434 -118
5.435 -112
5.436 -104
5.437 -95
5.438 -85
5.439 -73
5.44 -61
5.441 -48
5.442 -34
5.443 -20
5.444 -6
5.445 9
5.446 23
5.447 37
5.448 51
5.449 64
5.45 76
5.451 87
5.452 97
5.453 106
5.454 113
5.455 120
5.456 124
5.457 127
5.458 128
5.459 128
5.46 126
5.461 123
5.462 118
5.463 111
5.464 103
5.465 94
5.466 83
5.467 72
5.468 59
5.469 46
5.47 32
5.471 18
5.472 4
5.473 -11
5.474 -25
5.475 -39
5.476 -53
5.477 -65
5.478 -77
5.479 -88
5.48 -98
5.481 -107
5.482 -114
5.483 -120
5.484 -124
5.485 -126
5.486 -127
5.487 -127
5.488 -125
5.489 -121
5.49 -115
5.491 -108
5.492 -100
5.493 -91
5.494 -80
5.495 -68
5.496 -55
5.497 -42
5.498 -28
5.499 -14
5.5 1
5.501 15
5.502 29
5.503 43
5.504 56
5.505 69
5.506 81
5.507 92
5.508 101
5.509 109
5.51 116
5.511 122
5.512 126
5.513 128
5.514 128
5.515 127
5.516 125
5.517 121
5.518 115
5.519 108
5.52 99
5.521 89
5.522 78
5.523 66
5.524 54
5.525 40
5.526 26
5.527 12
5.528 -3
5.529 -17
5.53 -31
5.531 -45
5.532 -58
5.533 -71
5.534 -82
5.535 -93
5.536 -102
5.537 -110
5.538 -117
5.539 -122
5.54 -125
5.541 -127
5.542 -127
5.543 -126
5.544 -123
5.545 -119
5.546 -112
5.547 -105
5.548 -96
5.549 -86
5.55 -75
5.551 -63
5.552 -50
5.553 -36
5.554 -22
5.555 -8
5.556 7
5.557 21
5.558 35
5.559 49
5.56 62
5.561 74
5.562 86
5.563 96
5.564 105
5.565 113
5.566 119
5.567 124
5.568 127
5.569 128
5.57 128
5.571 127
5.572 123
5.573 118
5.574 112
5.575 104
5.576 95
5.577 85
5.578 73
5.579 61
5.58 48
5.581 34
5.582 20
5.583 5
5.584 -9
5.585 -23
5.586 -38
5.587 -51
5.588 -64
5.589 -76
5.59 -87
5.591 -97
5.592 -106
5.593 -113
5.594 -119
5.595 -123
5.596 -126
5.597 -127
5.598 -127
5.599 -125
5.6 -121
5.601 -116
5.602 -109
5.603 -101
5.604 -92
5.605 -81
5.606 -69
5.607 -57
5.608 -44
5.609 -30
5.61 -16
5.611 -1
5.612 13
5.613 28
5.614 42
5.615 55
5.616 68
5.617 80
5.618 90
5.619 100
5.62 109
5.621 116
5.622 121
5.623 125
5.624 128
5.625 128
5.626 128
5.627 125
5.628 121
5.629 116
5.63 109
5.631 100
5.632 90
5.633 80
5.634 68
5.635 55
5.636 42
5.637 28
5.638 13
5.639 -1
5.64 -16
5.641 -30
5.642 -44
5.643 -57
5.644 -69
5.645 -81
5.646 -92
5.647 -101
5.648 -109
5.649 -116
5.65 -121
5.651 -125
5.652 -127
5.653 -127
5.654 -126
5.655 -123
5.656 -119
5.657 -113
5.658 -106
5.659 -97
5.66 -87
5.661 -76
5.662 -64
5.663 -51
5.664 -38
5.665 -23
5.666 -9
5.667 5
5.668 20
5.669 34
5.67 48
5.671 61
5.672 73
5.673 85
5.674 95
5.675 104
5.676 112
5.677 118
5.678 123
5.679 127
5.68 128
5.681 128
5.682 127
5.683 124
5.684 119
5.685 113
5.686 105
5.687 96
5.688 86
5.689 74
5.69 62
5.691 49
5.692 35
5.693 21
5.694 7
5.695 -8
5.696 -22
5.697 -36
5.698 -50
5.699 -63
5.7 -75
5.701 -86
5.702 -96
5.703 -105
5.704 -112
5.705 -119
5.706 -123
5.707 -126
5.708 -127
5.709 -127
5.71 -125
5.711 -122
5.712 -117
5.713 -110
5.714 -102
5.715 -93
5.716 -82
5.717 -71
5.718 -58
5.719 -45
5.72 -31
5.721 -17
5.722 -3
5.723 12
5.724 26
5.725 40
5.726 54
5.727 66
5.728 78
5.729 89
5.73 99
5.731 108
5.732 115
5.733 121
5.734 125
5.735 127
5.736 128
5.737 128
5.738 126
5.739 122
5.74 116
5.741 109
5.742 101
5.743 92
5.744 81
5.745 69
5.746 56
5.747 43
5.748 29
5.749 15
5.75 -0
5.751 -14
5.752 -28
5.753 -42
5.754 -55
5.755 -68
5.756 -80
5.757 -91
5.758 -100
5.759 -108
5.76 -115
5.761 -121
5.762 -125
5.763 -127
5.764 -127
5.765 -126
5.766 -124
5.767 -120
5.768 -114
5.769 -107
5.77 -98
5.771 -88
5.772 -77
5.773 -65
5.774 -53
5.775 -39
5.776 -25
5.777 -11
5.778 4
5.779 18
5.78 32
5.781 46
5.782 59
5.783 72
5.784 83
5.785 94
5.786 103
5.787 111
5.788 118
5.789 123
5.79 126
5.791 128
5.792 128
5.793 127
5.794 124
5.795 120
5.796 113
5.797 106
5.798 97
5.799 87
5.8 76
5.801 64
5.802 51
5.803 37
5.804 23
5.805 9
5.806 -6
5.807 -20
5.808 -34
5.809 -48
5.81 -61
5.811 -73
5.812 -85
5.813 -95
5.814 -104
5.815 -112
5.816 -118
5.817 -123
5.818 -126
5.819 -127
5.82 -127
5.821 -126
5.822 -122
5.823 -117
5.824 -111
5.825 -103
5.826 -94
5.827 -84
5.828 -72
5.829 -60
5.83 -47
5.831 -33
5.832 -19
5.833 -4
5.834 10
5.835 24
5.836 39
5.837 52
5.838 65
5.839 77
5.84 88
5.841 98
5.842 107
5.843 114
5.844 120
5.845 124
5.846 127
5.847 128
5.848 128
5.849 126
5.85 122
5.851 117
5.852 110
5.853 102
5.854 93
5.855 82
5.856 70
5.857 58
5.858 45
5.859 31
5.86 17
5.861 2
5.862 -12
5.863 -27
5.864 -41
5.865 -54
5.866 -67
5.867 -79
5.868 -89
5.869 -99
5.87 -108
5.871 -115
5.872 -120
5.873 -124
5.874 -127
5.875 -128
5.876 -127
5.877 -124
5.878 -120
5.879 -115
5.88 -108
5.881 -99
5.882 -89
5.883 -79
5.884 -67
5.885 -54
5.886 -41
5.887 -27
5.888 -12
5.889 2
5.89 17
5.891 31
5.892 45
5.893 58
5.894 70
5.895 82
5.896 93
5.897 102
5.898 110
5.899 117
5.9 122
5.901 126
5.902 128
5.903 128
5.904 127
5.905 124
5.906 120
5.907 114
5.908 107
5.909 98
5.91 88
5.911 77
5.912 65
5.913 52
5.914 39
5.915 24
5.916 10
5.917 -4
5.918 -19
5.919 -33
5.92 -47
5.921 -60
5.922 -72
5.923 -84
5.924 -94
5.925 -103
5.926 -111
5.927 -117
5.928 -122
5.929 -126
5.93 -127
5.931 -127
5.932 -126
5.933 -123
5.934 -118
5.935 -112
5.936 -104
5.937 -95
5.938 -85
5.939 -73
5.94 -61
5.941 -48
5.942 -34
5.943 -20
5.944 -6
5.945 9
5.946 23
5.947 37
5.948 51
5.949 64
5.95 76
5.951 87
5.952 97
5.953 106
5.954 113
5.955 120
5.956 124
5.957 127
5.958 128
5.959 128
5.96 126
5.961 123
5.962 118
5.963 111
5.964 103
5.965 94
5.966 83
5.967 72
5.968 59
5.969 46
5.97 32
5.971 18
5.972 4
5.973 -11
5.974 -25
5.975 -39
5.976 -53
5.977 -65
5.978 -77
5.979 -88
5.98 -98
5.981 -107
5.982 -114
5.983 -120
5.984 -124
5.985 -126
5.986 -127
5.987 -127
5.988 -125
5.989 -121
5.99 -115
5.991 -108
5.992 -100
5.993 -91
5.994 -80
5.995 -68
5.996 -55
5.997 -42
5.998 -28
5.999 -14
6 1
6.001 15
6.002 29
6.003 43
6.004 56
6.005 69
6.006 81
6.007 92
6.008 101
6.009 109
6.01 116
6.011 122
6.012 126
6.013 128
6.014 128
6.015 127
6.016 125
6.017 121
6.018 115
6.019 108
6.02 99
6.021 89
6.022 78
6.023 66
6.024 54
6.025 40
6.026 26
6.027 12
6.028 -3
6.029 -17
6.03 -31
6.031 -45
6.032 -58
6.033 -71
6.034 -82
6.035 -93
6.036 -102
6.037 -110
6.038 -117
6.039 -122
6.04 -125
6.041 -127
6.042 -127
6.043 -126
6.044 -123
6.045 -119
6.046 -112
6.047 -105
6.048 -96
6.049 -86
6.05 -75
6.051 -63
6.052 -50
6.053 -36
6.054 -22
6.055 -8
6.056 7
6.057 21
6.058 35
6.059 49
6.06 62
6.061 74
6.062 86
6.063 96
6.064 105
6.065 113
6.066 119
6.067 124
6.068 127
6.069 128
6.07 128
6.071 127
6.072 123
6.073 118
6.074 112
6.075 104
6.076 95
6.077 85
6.078 73
6.079 61
6.08 48
6.081 34
6.082 20
6.083 5
6.084 -9
6.085 -23
6.086 -38
6.087 -51
6.088 -64
6.089 -76
6.09 -87
6.091 -97
6.092 -106
6.093 -113
6.094 -119
6.095 -123
6.096 -126
6.097 -127
6.098 -127
6.099 -125
6.1 -121
6.101 -116
6.102 -109
6.103 -101
6.104 -92
6.105 -81
6.106 -69
6.107 -57
6.108 -44
6.109 -30
6.11 -16
6.111 -1
6.112 13
6.113 28
6.114 42
6.115 55
6.116 68
6.117 80
6.118 90
6.119 100
6.12 109
6.121 116
6.122 121
6.123 125
6.124 128
6.125 128
6.126 128
6.127 125
6.128 121
6.129 116
6.13 109
6.131 100
6.132 90
6.133 80
6.134 68
6.135 55
6.136 42
6.137 28
6.138 13
6.139 -1
6.14 -16
6.141 -30
6.142 -44
6.143 -57
6.144 -69
6.145 -81
6.146 -92
6.147 -101
6.148 -109
6.149 -116
6.15 -121
6.151 -125
6.152 -127
6.153 -127
6.154 -126
6.155 -123
6.156 -119
6.157 -113
6.158 -106
6.159 -97
6.16 -87
6.161 -76
6.162 -64
6.163 -51
6.164 -38
6.165 -23
6.166 -9
6.167 5
6.168 20
6.169 34
6.17 48
6.171 61
6.172 73
6.173 85
6.174 95
6.175 104
6.176 112
6.177 118
6.178 123
6.179 127
6.18 128
6.181 128
6.182 127
6.183 124
6.184 119
6.185 113
6.186 105
6.187 96
6.188 86
6.189 74
6.19 62
6.191 49
6.192 35
6.193 21
6.194 7
6.195 -8
6.196 -22
6.197 -36
6.198 -50
6.199 -63
6.2 -75
6.201 -86
6.202 -96
6.203 -105
6.204 -112
6.205 -119
6.206 -123
6.207 -126
6.208 -127
6.209 -127
6.21 -125
6.211 -122
6.212 -117
6.213 -110
6.214 -102
6.215 -93
6.216 -82
6.217 -71
6.218 -58
6.219 -45
6.22 -31
6.221 -17
6.222 -3
6.223 12
6.224 26
6.225 40
6.226 54
6.227 66
6.228 78
6.229 89
6.23 99
6.231 108
6.232 115
6.233 121
6.234 125
6.235 127
6.236 128
6.237 128
6.238 126
6.239 122
6.24 116
6.241 109
6.242 101
6.243 92
6.244 81
6.245 69
6.246 56
6.247 43
6.248 29
6.249 15
6.25 -0
6.251 -14
6.252 -28
6.253 -42
6.254 -55
6.255 -68
6.256 -80
6.257 -91
6.258 -100
6.259 -108
6.26 -115
6.261 -121
6.262 -125
6.263 -127
6.264 -127
6.265 -126
6.266 -124
6.267 -120
6.268 -114
6.269 -107
6.27 -98
6.271 -88
6.272 -77
6.273 -65
6.274 -53
6.275 -39
6.276 -25
6.277 -11
6.278 4
6.279 18
6.28 32
6.281 46
6.282 59
6.283 72
6.284 83
6.285 94
6.286 103
6.287 111
6.288 118
6.289 123
6.29 126
6.291 128
6.292 128
6.293 127
6.294 124
6.295 120
6.296 113
6.297 106
6.298 97
6.299 87
6.3 76
6.301 64
6.302 51
6.303 37
6.304 23
6.305 9
6.306 -6
6.307 -20
6.308 -34
6.309 -48
6.31 -61
6.311 -73
6.312 -85
6.313 -95
6.314 -104
6.315 -112
6.316 -118
6.317 -123
6.318 -126
6.319 -127
6.32 -127
6.321 -126
6.322 -122
6.323 -117
6.324 -111
6.325 -103
6.326 -94
6.327 -84
6.328 -72
6.329 -60
6.33 -47
6.331 -33
6.332 -19
6.333 -4
6.334 10
6.335 24
6.336 39
6.337 52
6.338 65
6.339 77
6.34 88
6.341 98
6.342 107
6.343 114
6.344 120
6.345 124
6.346 127
6.347 128
6.348 128
6.349 126
6.35 122
6.351 117
6.352 110
6.353 102
6.354 93
6.355 82
6.356 70
6.357 58
6.358 45
6.359 31
6.36 17
6.361 2
6.362 -12
6.363 -27
6.364 -41
6.365 -54
6.366 -67
6.367 -79
6.368 -89
6.369 -99
6.37 -108
6.371 -115
6.372 -120
6.373 -124
6.374 -127
6.375 -128
6.376 -127
6.377 -124
6.378 -120
6.379 -115
6.38 -108
6.381 -99
6.382 -89
6.383 -79
6.384 -67
6.385 -54
6.386 -41
6.387 -27
6.388 -12
6.389 2
6.39 17
6.391 31
6.392 45
6.393 58
6.394 70
6.395 82
6.396 93
6.397 102
6.398 110
6.399 117
6.4 122
6.401 126
6.402 128
6.403 128
6.404 127
6.405 124
6.406 120
6.407 114
6.408 107
6.409 98
6.41 88
6.411 77
6.412 65
6.413 52
6.414 39
6.415 24
6.416 10
6.417 -4
6.418 -19
6.419 -33
6.42 -47
6.421 -60
6.422 -72
6.423 -84
6.424 -94
6.425 -103
6.426 -111
6.427 -117
6.428 -122
6.429 -126
6.43 -127
6.431 -127
6.432 -126
6.433 -123
6.434 -118
6.435 -112
6.436 -104
6.437 -95
6.438 -85
6.439 -73
6.44 -61
6.441 -48
6.442 -34
6.443 -20
6.444 -6
6.445 9
6.446 23
6.447 37
6.448 51
6.449 64
6.45 76
6.451 87
6.452 97
6.453 106
6.454 113
6.455 120
6.456 124
6.457 127
6.458 128
6.459 128
6.46 126
6.461 123
6.462 118
6.463 111
6.464 103
6.465 94
6.466 83
6.467 72
6.468 59
6.469 46
6.47 32
6.471 18
6.472 4
6.473 -11
6.474 -25
6.475 -39
6.476 -53
6.477 -65
6.478 -77
6.479 -88
6.48 -98
6.481 -107
6.482 -114
6.483 -120
6.484 -124
6.485 -126
6.486 -127
6.487 -127
6.488 -125
6.489 -121
6.49 -115
6.491 -108
6.492 -100
6.493 -91
6.494 -80
6.495 -68
6.496 -55
6.497 -42
6.498 -28
6.499 -14
6.5 1
6.501 15
6.502 29
6.503 43
6.504 56
6.505 69
6.506 81
6.507 92
6.508 101
6.509 109
6.51 116
6.511 122
6.512 126
6.513 128
6.514 128
6.515 127
6.516 125
6.517 121
6.518 115
6.519 108
6.52 99
6.521 89
6.522 78
6.523 66
6.524 54
6.525 40
6.526 26
6.527 12
6.528 -3
6.529 -17
6.53 -31
6.531 -45
6.532 -58
6.533 -71
6.534 -82
6.535 -93
6.536 -102
6.537 -110
6.538 -117
6.539 -122
6.54 -125
6.541 -127
6.542 -127
6.543 -126
6.544 -123
6.545 -119
6.546 -112
6.547 -105
6.548 -96
6.549 -86
6.55 -75
6.551 -63
6.552 -50
6.553 -36
6.554 -22
6.555 -8
6.556 7
6.557 21
6.558 35
6.559 49
6.56 62
6.561 74
6.562 86
6.563 96
6.564 105
6.565 113
6.566 119
6.567 124
6.568 127
6.569 128
6.57 128
6.571 127
6.572 123
6.573 118
6.574 112
6.575 104
6.576 95
6.577 85
6.578 73
6.579 61
6.58 48
6.581 34
6.582 20
6.583 5
6.584 -9
6.585 -23
6.586 -38
6.587 -51
6.588 -64
6.589 -76
6.59 -87
6.591 -97
6.592 -106
6.593 -113
6.594 -119
6.595 -123
6.596 -126
6.597 -127
6.598 -127
6.599 -125
6.6 -121
6.601 -116
6.602 -109
6.603 -101
6.604 -92
6.605 -81
6.606 -69
6.607 -57
6.608 -44
6.609 -30
6.61 -16
6.611 -1
6.612 13
6.613 28
6.614 42
6.615 55
6.616 68
6.617 80
6.618 90
6.619 100
6.62 109
6.621 116
6.622 121
6.623 125
6.624 128
6.625 128
6.626 128
6.627 125
6.628 121
6.629 116
6.63 109
6.631 100
6.632 90
6.633 80
6.634 68
6.635 55
6.636 42
6.637 28
6.638 13
6.639 -1
6.64 -16
6.641 -30
6.642 -44
6.643 -57
6.644 -69
6.645 -81
6.646 -92
6.647 -101
6.648 -109
6.649 -116
6.65 -121
6.651 -125
6.652 -127
6.653 -127
6.654 -126
6.655 -123
6.656 -119
6.657 -113
6.658 -106
6.659 -97
6.66 -87
6.661 -76
6.662 -64
6.663 -51
6.664 -38
6.665 -23
6.666 -9
6.667 5
6.668 20
6.669 34
6.67 48
6.671 61
6.672 73
6.673 85
6.674 95
6.675 104
6.676 112
6.677 118
6.678 123
6.679 127
6.68 128
6.681 128
6.682 127
6.683 124
6.684 119
6.685 113
6.686 105
6.687 96
6.688 86
6.689 74
6.69 62
6.691 49
6.692 35
6.693 21
6.694 7
6.695 -8
6.696 -22
6.697 -36
6.698 -50
6.699 -63
6.7 -75
6.701 -86
6.702 -96
6.703 -105
6.704 -112
6.705 -119
6.706 -123
6.707 -126
6.708 -127
6.709 -127
6.71 -125
6.711 -122
6.712 -117
6.713 -110
6.714 -102
6.715 -93
6.716 -82
6.717 -71
6.718 -58
6.719 -45
6.72 -31
6.721 -17
6.722 -3
6.723 12
6.724 26
6.725 40
6.726 54
6.727 66
6.728 78
6.729 89
6.73 99
6.731 108
6.732 115
6.733 121
6.734 125
6.735 127
6.736 128
6.737 128
6.738 126
6.739 122
6.74 116
6.741 109
6.742 101
6.743 92
6.744 81
6.745 69
6.746 56
6.747 43
6.748 29
6.749 15
6.75 -0
6.751 -14
6.752 -28
6.753 -42
6.754 -55
6.755 -68
6.756 -80
6.757 -91
6.758 -100
6.759 -108
6.76 -115
6.761 -121
6.762 -125
6.763 -127
6.764 -127
6.765 -126
6.766 -124
6.767 -120
6.768 -114
6.769 -107
6.77 -98
6.771 -88
6.772 -77
6.773 -65
6.774 -53
6.775 -39
6.776 -25
6.777 -11
6.778 4
6.779 18
6.78 32
6.781 46
6.782 59
6.783 72
6.784 83
6.785 94
6.786 103
6.787 111
6.788 118
6.789 123
6.79 126
6.791 128
6.792 128
6.793 127
6.794 124
6.795 120
6.796 113
6.797 106
6.798 97
6.799 87
6.8 76
6.801 64
6.802 51
6.803 37
6.804 23
6.805 9
6.806 -6
6.807 -20
6.808 -34
6.809 -48
6.81 -61
6.811 -73
6.812 -85
6.813 -95
6.814 -104
6.815 -112
6.816 -118
6.817 -123
6.818 -126
6.819 -127
6.82 -127
6.821 -126
6.822 -122
6.823 -117
6.824 -111
6.825 -103
6.826 -94
6.827 -84
6.828 -72
6.829 -60
6.83 -47
6.831 -33
6.832 -19
6.833 -4
6.834 10
6.835 24
6.836 39
6.837 52
6.838 65
6.839 77
6.84 88
6.841 98
6.842 107
6.843 114
6.844 120
6.845 124
6.846 127
6.847 128
6.848 128
6.849 126
6.85 122
6.851 117
6.852 110
6.853 102
6.854 93
6.855 82
6.856 70
6.857 58
6.858 45
6.859 31
6.86 17
6.861 2
6.862 -12
6.863 -27
6.864 -41
6.865 -54
6.866 -67
6.867 -79
6.868 -89
6.869 -99
6.87 -108
6.871 -115
6.872 -120
6.873 -124
6.874 -127
6.875 -128
6.876 -127
6.877 -124
6.878 -120
6.879 -115
6.88 -108
6.881 -99
6.882 -89
6.883 -79
6.884 -67
6.885 -54
6.886 -41
6.887 -27
6.888 -12
6.889 2
6.89 17
6.891 31
6.892 45
6.893 58
6.894 70
6.895 82
6.896 93
6.897 102
6.898 110
6.899 117
6.9 122
6.901 126
6.902 128
6.903 128
6.904 127
6.905 124
6.906 120
6.907 114
6.908 107
6.909 98
6.91 88
6.911 77
6.912 65
6.913 52
6.914 39
6.915 24
6.916 10
6.917 -4
6.918 -19
6.919 -33
6.92 -47
6.921 -60
6.922 -72
6.923 -84
6.924 -94
6.925 -103
6.926 -111
6.927 -117
6.928 -122
6.929 -126
6.93 -127
6.931 -127
6.932 -126
6.933 -123
6.934 -118
6.935 -112
6.936 -104
6.937 -95
6.938 -85
6.939 -73
6.94 -61
6.941 -48
6.942 -34
6.943 -20
6.944 -6
6.945 9
6.946 23
6.947 37
6.948 51
6.949 64
6.95 76
6.951 87
6.952 97
6.953 106
6.954 113
6.955 120
6.956 124
6.957 127
6.958 128
6.959 128
6.96 126
6.961 123
6.962 118
6.963 111
6.964 103
6.965 94
6.966 83
6.967 72
6.968 59
6.969 46
6.97 32
6.971 18
6.972 4
6.973 -11
6.974 -25
6.975 -39
6.976 -53
6.977 -65
6.978 -77
6.979 -88
6.98 -98
6.981 -107
6.982 -114
6.983 -120
6.984 -124
6.985 -126
6.986 -127
6.987 -127
6.988 -125
6.989 -121
6.99 -115
6.991 -108
6.992 -100
6.993 -91
6.994 -80
6.995 -68
6.996 -55
6.997 -42
6.998 -28
6.999 -14
7 1
7.001 15
7.002 29
7.003 43
7.004 56
7.005 69
7.006 81
7.007 92
7.008 101
7.009 109
7.01 116
7.011 122
7.012 126
7.013 128
7.014 128
7.015 127
7.016 125
7.017 121
7.018 115
7.019 108
7.02 99
7.021 89
7.022 78
7.023 66
7.024 54
7.025 40
7.026 26
7.027 12
7.028 -3
7.029 -17
7.03 -31
7.031 -45
7.032 -58
7.033 -71
7.034 -82
7.035 -93
7.036 -102
7.037 -110
7.038 -117
7.039 -122
7.04 -125
7.041 -127
7.042 -127
7.043 -126
7.044 -123
7.045 -119
7.046 -112
7.047 -105
7.048 -96
7.049 -86
7.05 -75
7.051 -63
7.052 -50
7.053 -36
7.054 -22
7.055 -8
7.056 7
7.057 21
7.058 35
7.059 49
7.06 62
7.061 74
7.062 86
7.063 96
7.064 105
7.065 113
7.066 119
7.067 124
7.068 127
7.069 128
7.07 128
7.071 127
7.072 123
7.073 118
7.074 112
7.075 104
7.076 95
7.077 85
7.078 73
7.079 61
7.08 48
7.081 34
7.082 20
7.083 5
7.084 -9
7.085 -23
7.086 -38
7.087 -51
7.088 -64
7.089 -76
7.09 -87
7.091 -97
7.092 -106
7.093 -113
7.094 -119
7.095 -123
7.096 -126
7.097 -127
7.098 -127
7.099 -125
7.1 -121
7.101 -116
7.102 -109
7.103 -101
7.104 -92
7.105 -81
7.106 -69
7.107 -57
7.108 -44
7.109 -30
7.11 -16
7.111 -1
7.112 13
7.113 28
7.114 42
7.115 55
7.116 68
7.117 80
7.118 90
7.119 100
7.12 109
7.121 116
7.122 121
7.123 125
7.124 128
7.125 128
7.126 128
7.127 125
7.128 121
7.129 116
7.13 109
7.131 100
7.132 90
7.133 80
7.134 68
7.135 55
7.136 42
7.137 28
7.138 13
7.139 -1
7.14 -16
7.141 -30
7.142 -44
7.143 -57
7.144 -69
7.145 -81
7.146 -92
7.147 -101
7.148 -109
7.149 -116
7.15 -121
7.151 -125
7.152 -127
7.153 -127
7.154 -126
7.155 -123
7.156 -119
7.157 -113
7.158 -106
7.159 -97
7.16 -87
7.161 -76
7.162 -64
7.163 -51
7.164 -38
7.165 -23
7.166 -9
7.167 5
7.168 20
7.169 34
7.17 48
7.171 61
7.172 73
7.173 85
7.174 95
7.175 104
7.176 112
7.177 118
7.178 123
7.179 127
7.18 128
7.181 128
7.182 127
7.183 124
7.184 119
7.185 113
7.186 105
7.187 96
7.188 86
7.189 74
7.19 62
7.191 49
7.192 35
7.193 21
7.194 7
7.195 -8
7.196 -22
7.197 -36
7.198 -50
7.199 -63
7.2 -75
7.201 -86
7.202 -96
7.203 -105
7.204 -112
7.205 -119
7.206 -123
7.207 -126
7.208 -127
7.209 -127
7.21 -125
7.211 -122
7.212 -117
7.213 -110
7.214 -102
7.215 -93
7.216 -82
7.217 -71
7.218 -58
7.219 -45
7.22 -31
7.221 -17
7.222 -3
7.223 12
7.224 26
7.225 40
7.226 54
7.227 66
7.228 78
7.229 89
7.23 99
7.231 108
7.232 115
7.233 121
7.234 125
7.235 127
7.236 128
7.237 128
7.238 126
7.239 122
7.24 116
7.241 109
7.242 101
7.243 92
7.244 81
7.245 69
7.246 56
7.247 43
7.248 29
7.249 15
7.25 -0
7.251 -14
7.252 -28
7.253 -42
7.254 -55
7.255 -68
7.256 -80
7.257 -91
7.258 -100
7.259 -108
7.26 -115
7.261 -121
7.262 -125
7.263 -127
7.264 -127
7.265 -126
7.266 -124
7.267 -120
7.268 -114
7.269 -107
7.27 -98
7.271 -88
7.272 -77
7.273 -65
7.274 -53
7.275 -39
7.276 -25
7.277 -11
7.278 4
7.279 18
7.28 32
7.281 46
7.282 59
7.283 72
7.284 83
7.285 94
7.286 103
7.287 111
7.288 118
7.289 123
7.29 126
7.291 128
7.292 128
7.293 127
7.294 124
7.295 120
7.296 113
7.297 106
7.298 97
7.299 87
7.3 76
7.301 64
7.302 51
7.303 37
7.304 23
7.305 9
7.306 -6
7.307 -20
7.308 -34
7.309 -48
7.31 -61
7.311 -73
7.312 -85
7.313 -95
7.314 -104
7.315 -112
7.316 -118
7.317 -123
7.318 -126
7.319 -127
7.32 -127
7.321 -126
7.322 -122
7.323 -117
7.324 -111
7.325 -103
7.326 -94
7.327 -84
7.328 -72
7.329 -60
7.33 -47
7.331 -33
7.332 -19
7.333 -4
7.334 10
7.335 24
7.336 39
7.337 52
7.338 65
7.339 77
7.34 88
7.341 98
7.342 107
7.343 114
7.344 120
7.345 124
7.346 127
7.347 128
7.348 128
7.349 126
7.35 122
7.351 117
7.352 110
7.353 102
7.354 93
7.355 82
7.356 70
7.357 58
7.358 45
7.359 31
7.36 17
7.361 2
7.362 -12
7.363 -27
7.364 -41
7.365 -54
7.366 -67
7.367 -79
7.368 -89
7.369 -99
7.37 -108
7.371 -115
7.372 -120
7.373 -124
7.374 -127
7.375 -128
7.376 -127
7.377 -124
7.378 -120
7.379 -115
7.38 -108
7.381 -99
7.382 -89
7.383 -79
7.384 -67
7.385 -54
7.386 -41
7.387 -27
7.388 -12
7.389 2
7.39 17
7.391 31
7.392 45
7.393 58
7.394 70
7.395 82
7.396 93
7.397 102
7.398 110
7.399 117
7.4 122
7.401 126
7.402 128
7.403 128
7.404 127
7.405 124
7.406 120
7.407 114
7.408 107
7.409 98
7.41 88
7.411 77
7.412 65
7.413 52
7.414 39
7.415 24
7.416 10
7.417 -4
7.418 -19
7.419 -33
7.42 -47
7.421 -60
7.422 -72
7.423 -84
7.424 -94
7.425 -103
7.426 -111
7.427 -117
7.428 -122
7.429 -126
7.43 -127
7.431 -127
7.432 -126
7.433 -123
7.434 -118
7.435 -112
7.436 -104
7.437 -95
7.438 -85
7.439 -73
7.44 -61
7.441 -48
7.442 -34
7.443 -20
7.444 -6
7.445 9
7.446 23
7.447 37
7.448 51
7.449 64
7.45 76
7.451 87
7.452 97
7.453 106
7.454 113
7.455 120
7.456 124
7.457 127
7.458 128
7.459 128
7.46 126
7.461 123
7.462 118
7.463 111
7.464 103
7.465 94
7.466 83
7.467 72
7.468 59
7.469 46
7.47 32
7.471 18
7.472 4
7.473 -11
7.474 -25
7.475 -39
7.476 -53
7.477 -65
7.478 -77
7.479 -88
7.48 -98
7.481 -107
7.482 -114
7.483 -120
7.484 -124
7.485 -126
7.486 -127
7.487 -127
7.488 -125
7.489 -121
7.49 -115
7.491 -108
7.492 -100
7.493 -91
7.494 -80
7.495 -68
7.496 -55
7.497 -42
7.498 -28
7.499 -14
7.5 1
7.501 15
7.502 29
7.503 43
7.504 56
7.505 69
7.506 81
7.507 92
7.508 101
7.509 109
7.51 116
7.511 122
7.512 126
7.513 128
7.514 128
7.515 127
7.516 125
7.517 121
7.518 115
7.519 108
7.52 99
7.521 89
7.522 78
7.523 66
7.524 54
7.525 40
7.526 26
7.527 12
7.528 -3
7.529 -17
7.53 -31
7.531 -45
7.532 -58
7.533 -71
7.534 -82
7.535 -93
7.536 -102
7.537 -110
7.538 -117
7.539 -122
7.54 -125
7.541 -127
7.542 -127
7.543 -126
7.544 -123
7.545 -119
7.546 -112
7.547 -105
7.548 -96
7.549 -86
7.55 -75
7.551 -63
7.552 -50
7.553 -36
7.554 -22
7.555 -8
7.556 7
7.557 21
7.558 35
7.559 49
7.56 62
7.561 74
7.562 86
7.563 96
7.564 105
7.565 113
7.566 119
7.567 124
7.568 127
7.569 128
7.57 128
7.571 127
7.572 123
7.573 118
7.574 112
7.575 104
7.576 95
7.577 85
7.578 73
7.579 61
7.58 48
7.581 34
7.582 20
7.583 5
7.584 -9
7.585 -23
7.586 -38
7.587 -51
7.588 -64
7.589 -76
7.59 -87
7.591 -97
7.592 -106
7.593 -113
7.594 -119
7.595 -123
7.596 -126
7.597 -127
7.598 -127
7.599 -125
7.6 -121
7.601 -116
7.602 -109
7.603 -101
7.604 -92
7.605 -81
7.606 -69
7.607 -57
7.608 -44
7.609 -30
7.61 -16
7.611 -1
7.612 13
7.613 28
7.614 42
7.615 55
7.616 68
7.617 80
7.618 90
7.619 100
7.62 109
7.621 116
7.622 121
7.623 125
7.624 128
7.625 128
7.626 128
7.627 125
7.628 121
7.629 116
7.63 109
7.631 100
7.632 90
7.633 80
7.634 68
7.635 55
7.636 42
7.637 28
7.638 13
7.639 -1
7.64 -16
7.641 -30
7.642 -44
7.643 -57
7.644 -69
7.645 -81
7.646 -92
7.647 -101
7.648 -109
7.649 -116
7.65 -121
7.651 -125
7.652 -127
7.653 -127
7.654 -126
7.655 -123
7.656 -119
7.657 -113
7.658 -106
7.659 -97
7.66 -87
7.661 -76
7.662 -64
7.663 -51
7.664 -38
7.665 -23
7.666 -9
7.667 5
7.668 20
7.669 34
7.67 48
7.671 61
7.672 73
7.673 85
7.674 95
7.675 104
7.676 112
7.677 118
7.678 123
7.679 127
7.68 128
7.681 128
7.682 127
7.683 124
7.684 119
7.685 113
7.686 105
7.687 96
7.688 86
7.689 74
7.69 62
7.691 49
7.692 35
7.693 21
7.694 7
7.695 -8
7.696 -22
7.697 -36
7.698 -50
7.699 -63
7.7 -75
7.701 -86
7.702 -96
7.703 -105
7.704 -112
7.705 -119
7.706 -123
7.707 -126
7.708 -127
7.709 -127
7.71 -125
7.711 -122
7.712 -117
7.713 -110
7.714 -102
7.715 -93
7.716 -82
7.717 -71
7.718 -58
7.719 -45
7.72 -31
7.721 -17
7.722 -3
7.723 12
7.724 26
7.725 40
7.726 54
7.727 66
7.728 78
7.729 89
7.73 99
7.731 108
7.732 115
7.733 121
7.734 125
7.735 127
7.736 128
7.737 128
7.738 126
7.739 122
7.74 116
7.741 109
7.742 101
7.743 92
7.744 81
7.745 69
7.746 56
7.747 43
7.748 29
7.749 15
7.75 -0
7.751 -14
7.752 -28
7.753 -42
7.754 -55
7.755 -68
7.756 -80
7.757 -91
7.758 -100
7.759 -108
7.76 -115
7.761 -121
7.762 -125
7.763 -127
7.764 -127
7.765 -126
7.766 -124
7.767 -120
7.768 -114
7.769 -107
7.77 -98
7.771 -88
7.772 -77
7.773 -65
7.774 -53
7.775 -39
7.776 -25
7.777 -11
7.778 4
7.779 18
7.78 32
7.781 46
7.782 59
7.783 72
7.784 83
7.785 94
7.786 103
7.787 111
7.788 118
7.789 123
7.79 126
7.791 128
7.792 128
7.793 127
7.794 124
7.795 120
7.796 113
7.797 106
7.798 97
7.799 87
7.8 76
7.801 64
7.802 51
7.803 37
7.804 23
7.805 9
7.806 -6
7.807 -20
7.808 -34
7.809 -48
7.81 -61
7.811 -73
7.812 -85
7.813 -95
7.814 -104
7.815 -112
7.816 -118
7.817 -123
7.818 -126
7.819 -127
7.82 -127
7.821 -126
7.822 -122
7.823 -117
7.824 -111
7.825 -103
7.826 -94
7.827 -84
7.828 -72
7.829 -60
7.83 -47
7.831 -33
7.832 -19
7.833 -4
7.834 10
7.835 24
7.836 39
7.837 52
7.838 65
7.839 77
7.84 88
7.841 98
7.842 107
7.843 114
7.844 120
7.845 124
7.846 127
7.847 128
7.848 128
7.849 126
7.85 122
7.851 117
7.852 110
7.853 102
7.854 93
7.855 82
7.856 70
7.857 58
7.858 45
7.859 31
7.86 17
7.861 2
7.862 -12
7.863 -27
7.864 -41
7.865 -54
7.866 -67
7.867 -79
7.868 -89
7.869 -99
7.87 -108
7.871 -115
7.872 -120
7.873 -124
7.874 -127
7.875 -128
7.876 -127
7.877 -124
7.878 -120
7.879 -115
7.88 -108
7.881 -99
7.882 -89
7.883 -79
7.884 -67
7.885 -54
7.886 -41
7.887 -27
7.888 -12
7.889 2
7.89 17
7.891 31
7.892 45
7.893 58
7.894 70
7.895 82
7.896 93
7.897 102
7.898 110
7.899 117
7.9 122
7.901 126
7.902 128
7.903 128
7.904 127
7.905 124
7.906 120
7.907 114
7.908 107
7.909 98
7.91 88
7.911 77
7.912 65
7.913 52
7.914 39
7.915 24
7.916 10
7.917 -4
7.918 -19
7.919 -33
7.92 -47
7.921 -60
7.922 -72
7.923 -84
7.924 -94
7.925 -103
7.926 -111
7.927 -117
7.928 -122
7.929 -126
7.93 -127
7.931 -127
7.932 -126
7.933 -123
7.934 -118
7.935 -112
7.936 -104
7.937 -95
7.938 -85
7.939 -73
7.94 -61
7.941 -48
7.942 -34
7.943 -20
7.944 -6
7.945 9
7.946 23
7.947 37
7.948 51
7.949 64
7.95 76
7.951 87
7.952 97
7.953 106
7.954 113
7.955 120
7.956 124
7.957 127
7.958 128
7.959 128
7.96 126
7.961 123
7.962 118
7.963 111
7.964 103
7.965 94
7.966 83
7.967 72
7.968 59
7.969 46
7.97 32
7.971 18
7.972 4
7.973 -11
7.974 -25
7.975 -39
7.976 -53
7.977 -65
7.978 -77
7.979 -88
7.98 -98
7.981 -107
7.982 -114
7.983 -120
7.984 -124
7.985 -126
7.986 -127
7.987 -127
7.988 -125
7.989 -121
7.99 -115
7.991 -108
7.992 -100
7.993 -91
7.994 -80
7.995 -68
7.996 -55
7.997 -42
7.998 -28
7.999 -14
8 -0
8.001 15
8.002 29
8.003 43
8.004 56
8.005 69
8.006 81
8.007 92
8.008 101
8.009 109
8.01 116
8.011 122
8.012 126
8.013 128
8.014 128
8.015 127
8.016 125
8.017 121
8.018 115
8.019 108
8.02 99
8.021 89
8.022 78
8.023 66
8.024 54
8.025 40
8.026 26
8.027 12
8.028 -3
8.029 -17
8.03 -31
8.031 -45
8.032 -58
8.033 -71
8.034 -82
8.035 -93
8.036 -102
8.037 -110
8.038 -117
8.039 -122
8.04 -125
8.041 -127
8.042 -127
8.043 -126
8.044 -123
8.045 -119
8.046 -112
8.047 -105
8.048 -96
8.049 -86
8.05 -75
8.051 -63
8.052 -50
8.053 -36
8.054 -22
8.055 -8
8.056 7
8.057 21
8.058 35
8.059 49
8.06 62
8.061 74
8.062 86
8.063 96
8.064 105
8.065 113
8.066 119
8.067 124
8.068 127
8.069 128
8.07 128
8.071 127
8.072 123
8.073 118
8.074 112
8.075 104
8.076 95
8.077 85
8.078 73
8.079 61
8.08 48
8.081 34
8.082 20
8.083 5
8.084 -9
8.085 -23
8.086 -38
8.087 -51
8.088 -64
8.089 -76
8.09 -87
8.091 -97
8.092 -106
8.093 -113
8.094 -119
8.095 -123
8.096 -126
8.097 -127
8.098 -127
8.099 -125
8.1 -121
8.101 -116
8.102 -109
8.103 -101
8.104 -92
8.105 -81
8.106 -69
8.107 -57
8.108 -44
8.109 -30
8.11 -16
8.111 -1
8.112 13
8.113 28
8.114 42
8.115 55
8.116 68
8.117 80
8.118 90
8.119 100
8.12 109
8.121 116
8.122 121
8.123 125
8.124 128
8.125 128
8.126 128
8.127 125
8.128 121
8.129 116
8.13 109
8.131 100
8.132 90
8.133 80
8.134 68
8.135 55
8.136 42
8.137 28
8.138 13
8.139 -1
8.14 -16
8.141 -30
8.142 -44
8.143 -57
8.144 -69
8.145 -81
8.146 -92
8.147 -101
8.148 -109
8.149 -116
8.15 -121
8.151 -125
8.152 -127
8.153 -127
8.154 -126
8.155 -123
8.156 -119
8.157 -113
8.158 -106
8.159 -97
8.16 -87
8.161 -76
8.162 -64
8.163 -51
8.164 -38
8.165 -23
8.166 -9
8.167 5
8.168 20
8.169 34
8.17 48
8.171 61
8.172 73
8.173 85
8.174 95
8.175 104
8.176 112
8.177 118
8.178 123
8.179 127
8.18 128
8.181 128
8.182 127
8.183 124
8.184 119
8.185 113
8.186 105
8.187 96
8.188 86
8.189 74
8.19 62
8.191 49
8.192 35
8.193 21
8.194 7
8.195 -8
8.196 -22
8.197 -36
8.198 -50
8.199 -63
8.2 -75
8.201 -86
8.202 -96
8.203 -105
8.204 -112
8.205 -119
8.206 -123
8.207 -126
8.208 -127
8.209 -127
8.21 -125
8.211 -122
8.212 -117
8.213 -110
8.214 -102
8.215 -93
8.216 -82
8.217 -71
8.218 -58
8.219 -45
8.22 -31
8.221 -17
8.222 -3
8.223 12
8.224 26
8.225 40
8.226 54
8.227 66
8.228 78
8.229 89
8.23 99
8.231 108
8.232 115
8.233 121
8.234 125
8.235 127
8.236 128
8.237 128
8.238 126
8.239 122
8.24 116
8.241 109
8.242 101
8.243 92
8.244 81
8.245 69
8.246 56
8.247 43
8.248 29
8.249 15
8.25 1
8.251 -14
8.252 -28
8.253 -42
8.254 -55
8.255 -68
8.256 -80
8.257 -91
8.258 -100
8.259 -108
8.26 -115
8.261 -121
8.262 -125
8.263 -127
8.264 -127
8.265 -126
8.266 -124
8.267 -120
8.268 -114
8.269 -107
8.27 -98
8.271 -88
8.272 -77
8.273 -65
8.274 -53
8.275 -39
8.276 -25
8.277 -11
8.278 4
8.279 18
8.28 32
8.281 46
8.282 59
8.283 72
8.284 83
8.285 94
8.286 103
8.287 111
8.288 118
8.289 123
8.29 126
8.291 128
8.292 128
8.293 127
8.294 124
8.295 120
8.296 113
8.297 106
8.298 97
8.299 87
8.3 76
8.301 64
8.302 51
8.303 37
8.304 23
8.305 9
8.306 -6
8.307 -20
8.308 -34
8.309 -48
8.31 -61
8.311 -73
8.312 -85
8.313 -95
8.314 -104
8.315 -112
8.316 -118
8.317 -123
8.318 -126
8.319 -127
8.32 -127
8.321 -126
8.322 -122
8.323 -117
8.324 -111
8.325 -103
8.326 -94
8.327 -84
8.328 -72
8.329 -60
8.33 -47
8.331 -33
8.332 -19
8.333 -4
8.334 10
8.335 24
8.336 39
8.337 52
8.338 65
8.339 77
8.34 88
8.341 98
8.342 107
8.343 114
8.344 120
8.345 124
8.346 127
8.347 128
8.348 128
8.349 126
8.35 122
8.351 117
8.352 110
8.353 102
8.354 93
8.355 82
8.356 70
8.357 58
8.358 45
8.359 31
8.36 17
8.361 2
8.362 -12
8.363 -27
8.364 -41
8.365 -54
8.366 -67
8.367 -79
8.368 -89
8.369 -99
8.37 -108
8.371 -115
8.372 -120
8.373 -124
8.374 -127
8.375 -128
8.376 -127
8.377 -124
8.378 -120
8.379 -115
8.38 -108
8.381 -99
8.382 -89
8.383 -79
8.384 -67
8.385 -54
8.386 -41
8.387 -27
8.388 -12
8.389 2
8.39 17
8.391 31
8.392 45
8.393 58
8.394 70
8.395 82
8.396 93
8.397 102
8.398 110
8.399 117
8.4 122
8.401 126
8.402 128
8.403 128
8.404 127
8.405 124
8.406 120
8.407 114
8.408 107
8.409 98
8.41 88
8.411 77
8.412 65
8.413 52
8.414 39
8.415 24
8.416 10
8.417 -4
8.418 -19
8.419 -33
8.42 -47
8.421 -60
8.422 -72
8.423 -84
8.424 -94
8.425 -103
8.426 -111
8.427 -117
8.428 -122
8.429 -126
8.43 -127
8.431 -127
8.432 -126
8.433 -123
8.434 -118
8.435 -112
8.436 -104
8.437 -95
8.438 -85
8.439 -73
8.44 -61
8.441 -48
8.442 -34
8.443 -20
8.444 -6
8.445 9
8.446 23
8.447 37
8.448 51
8.449 64
8.45 76
8.451 87
8.452 97
8.453 106
8.454 113
8.455 120
8.456 124
8.457 127
8.458 128
8.459 128
8.46 126
8.461 123
8.462 118
8.463 111
8.464 103
8.465 94
8.466 83
8.467 72
8.468 59
8.469 46
8.47 32
8.471 18
8.472 4
8.473 -11
8.474 -25
8.475 -39
8.476 -53
8.477 -65
8.478 -77
8.479 -88
8.48 -98
8.481 -107
8.482 -114
8.483 -120
8.484 -124
8.485 -126
8.486 -127
8.487 -127
8.488 -125
8.489 -121
8.49 -115
8.491 -108
8.492 -100
8.493 -91
8.494 -80
8.495 -68
8.496 -55
8.497 -42
8.498 -28
8.499 -14
8.5 -0
8.501 15
8.502 29
8.503 43
8.504 56
8.505 69
8.506 81
8.507 92
8.508 101
8.509 109
8.51 116
8.511 122
8.512 126
8.513 128
8.514 128
8.515 127
8.516 125
8.517 121
8.518 115
8.519 108
8.52 99
8.521 89
8.522 78
8.523 66
8.524 54
8.525 40
8.526 26
8.527 12
8.528 -3
8.529 -17
8.53 -31
8.531 -45
8.532 -58
8.533 -71
8.534 -82
8.535 -93
8.536 -102
8.537 -110
8.538 -117
8.539 -122
8.54 -125
8.541 -127
8.542 -127
8.543 -126
8.544 -123
8.545 -119
8.546 -112
8.547 -105
8.548 -96
8.549 -86
8.55 -75
8.551 -63
8.552 -50
8.553 -36
8.554 -22
8.555 -8
8.556 7
8.557 21
8.558 35
8.559 49
8.56 62
8.561 74
8.562 86
8.563 96
8.564 105
8.565 113
8.566 119
8.567 124
8.568 127
8.569 128
8.57 128
8.571 127
8.572 123
8.573 118
8.574 112
8.575 104
8.576 95
8.577 85
8.578 73
8.579 61
8.58 48
8.581 34
8.582 20
8.583 5
8.584 -9
8.585 -23
8.586 -38
8.587 -51
8.588 -64
8.589 -76
8.59 -87
8.591 -97
8.592 -106
8.593 -113
8.594 -119
8.595 -123
8.596 -126
8.597 -127
8.598 -127
8.599 -125
8.6 -121
8.601 -116
8.602 -109
8.603 -101
8.604 -92
8.605 -81
8.606 -69
8.607 -57
8.608 -44
8.609 -30
8.61 -16
8.611 -1
8.612 13
8.613 28
8.614 42
8.615 55
8.616 68
8.617 80
8.618 90
8.619 100
8.62 109
8.621 116
8.622 121
8.623 125
8.624 128
8.625 128
8.626 128
8.627 125
8.628 121
8.629 116
8.63 109
8.631 100
8.632 90
8.633 80
8.634 68
8.635 55
8.636 42
8.637 28
8.638 13
8.639 -1
8.64 -16
8.641 -30
8.642 -44
8.643 -57
8.644 -69
8.645 -81
8.646 -92
8.647 -101
8.648 -109
8.649 -116
8.65 -121
8.651 -125
8.652 -127
8.653 -127
8.654 -126
8.655 -123
8.656 -119
8.657 -113
8.658 -106
8.659 -97
8.66 -87
8.661 -76
8.662 -64
8.663 -51
8.664 -38
8.665 -23
8.666 -9
8.667 5
8.668 20
8.669 34
8.67 48
8.671 61
8.672 73
8.673 85
8.674 95
8.675 104
8.676 112
8.677 118
8.678 123
8.679 127
8.68 128
8.681 128
8.682 127
8.683 124
8.684 119
8.685 113
8.686 105
8.687 96
8.688 86
8.689 74
8.69 62
8.691 49
8.692 35
8.693 21
8.694 7
8.695 -8
8.696 -22
8.697 -36
8.698 -50
8.699 -63
8.7 -75
8.701 -86
8.702 -96
8.703 -105
8.704 -112
8.705 -119
8.706 -123
8.707 -126
8.708 -127
8.709 -127
8.71 -125
8.711 -122
8.712 -117
8.713 -110
8.714 -102
8.715 -93
8.716 -82
8.717 -71
8.718 -58
8.719 -45
8.72 -31
8.721 -17
8.722 -3
8.723 12
8.724 26
8.725 40
8.726 54
8.727 66
8.728 78
8.729 89
8.73 99
8.731 108
8.732 115
8.733 121
8.734 125
8.735 127
8.736 128
8.737 128
8.738 126
8.739 122
8.74 116
8.741 109
8.742 101
8.743 92
8.744 81
8.745 69
8.746 56
8.747 43
8.748 29
8.749 15
8.75 1
8.751 -14
8.752 -28
8.753 -42
8.754 -55
8.755 -68
8.756 -80
8.757 -91
8.758 -100
8.759 -108
8.76 -115
8.761 -121
8.762 -125
8.763 -127
8.764 -127
8.765 -126
8.766 -124
8.767 -120
8.768 -114
8.769 -107
8.77 -98
8.771 -88
8.772 -77
8.773 -65
8.774 -53
8.775 -39
8.776 -25
8.777 -11
8.778 4
8.779 18
8.78 32
8.781 46
8.782 59
8.783 72
8.784 83
8.785 94
8.786 103
8.787 111
8.788 118
8.789 123
8.79 126
8.791 128
8.792 128
8.793 127
8.794 124
8.795 120
8.796 113
8.797 106
8.798 97
8.799 87
8.8 76
8.801 64
8.802 51
8.803 37
8.804 23
8.805 9
8.806 -6
8.807 -20
8.808 -34
8.809 -48
8.81 -61
8.811 -73
8.812 -85
8.813 -95
8.814 -104
8.815 -112
8.816 -118
8.817 -123
8.818 -126
8.819 -127
8.82 -127
8.821 -126
8.822 -122
8.823 -117
8.824 -111
8.825 -103
8.826 -94
8.827 -84
8.828 -72
8.829 -60
8.83 -47
8.831 -33
8.832 -19
8.833 -4
8.834 10
8.835 24
8.836 39
8.837 52
8.838 65
8.839 77
8.84 88
8.841 98
8.842 107
8.843 114
8.844 120
8.845 124
8.846 127
8.847 128
8.848 128
8.849 126
8.85 122
8.851 117
8.852 110
8.853 102
8.854 93
8.855 82
8.856 70
8.857 58
8.858 45
8.859 31
8.86 17
8.861 2
8.862 -12
8.863 -27
8.864 -41
8.865 -54
8.866 -67
8.867 -79
8.868 -89
8.869 -99
8.87 -108
8.871 -115
8.872 -120
8.873 -124
8.874 -127
8.875 -128
8.876 -127
8.877 -124
8.878 -120
8.879 -115
8.88 -108
8.881 -99
8.882 -89
8.883 -79
8.884 -67
8.885 -54
8.886 -41
8.887 -27
8.888 -12
8.889 2
8.89 17
8.891 31
8.892 45
8.893 58
8.894 70
8.895 82
8.896 93
8.897 102
8.898 110
8.899 117
8.9 122
8.901 126
8.902 128
8.903 128
8.904 127
8.905 124
8.906 120
8.907 114
8.908 107
8.909 98
8.91 88
8.911 77
8.912 65
8.913 52
8.914 39
8.915 24
8.916 10
8.917 -4
8.918 -19
8.919 -33
8.92 -47
8.921 -60
8.922 -72
8.923 -84
8.924 -94
8.925 -103
8.926 -111
8.927 -117
8.928 -122
8.929 -126
8.93 -127
8.931 -127
8.932 -126
8.933 -123
8.934 -118
8.935 -112
8.936 -104
8.937 -95
8.938 -85
8.939 -73
8.94 -61
8.941 -48
8.942 -34
8.943 -20
8.944 -6
8.945 9
8.946 23
8.947 37
8.948 51
8.949 64
8.95 76
8.951 87
8.952 97
8.953 106
8.954 113
8.955 120
8.956 124
8.957 127
8.958 128
8.959 128
8.96 126
8.961 123
8.962 118
8.963 111
8.964 103
8.965 94
8.966 83
8.967 72
8.968 59
8.969 46
8.97 32
8.971 18
8.972 4
8.973 -11
8.974 -25
8.975 -39
8.976 -53
8.977 -65
8.978 -77
8.979 -88
8.98 -98
8.981 -107
8.982 -114
8.983 -120
8.984 -124
8.985 -126
8.986 -127
8.987 -127
8.988 -125
8.989 -121
8.99 -115
8.991 -108
8.992 -100
8.993 -91
8.994 -80
8.995 -68
8.996 -55
8.997 -42
8.998 -28
8.999 -14
9 -0
