-10	814
-9.99	812.291
-9.98	810.583
-9.97	808.878
-9.96	807.174
-9.95	805.472
-9.94	803.772
-9.93	802.074
-9.92	800.378
-9.91	798.683
-9.9	796.99
-9.89	795.299
-9.88	793.61
-9.87	791.922
-9.86	790.236
-9.85	788.553
-9.84	786.87
-9.83	785.19
-9.82	783.512
-9.81	781.835
-9.8	780.16
-9.79	778.487
-9.78	776.815
-9.77	775.146
-9.76	773.478
-9.75	771.812
-9.74	770.148
-9.73	768.486
-9.72	766.826
-9.71	765.167
-9.7	763.51
-9.69	761.855
-9.68	760.202
-9.67	758.55
-9.66	756.9
-9.65	755.252
-9.64	753.606
-9.63	751.962
-9.62	750.32
-9.61	748.679
-9.6	747.04
-9.59	745.403
-9.58	743.768
-9.57	742.134
-9.56	740.503
-9.55	738.873
-9.54	737.244
-9.53	735.618
-9.52	733.994
-9.51	732.371
-9.5	730.75
-9.49	729.131
-9.48	727.513
-9.47	725.898
-9.46	724.284
-9.45	722.672
-9.44	721.062
-9.43	719.454
-9.42	717.848
-9.41	716.243
-9.4	714.64
-9.39	713.039
-9.38	711.44
-9.37	709.842
-9.36	708.246
-9.35	706.653
-9.34	705.06
-9.33	703.47
-9.32	701.882
-9.31	700.295
-9.3	698.71
-9.29	697.127
-9.28	695.546
-9.27	693.966
-9.26	692.388
-9.25	690.812
-9.24	689.238
-9.23	687.666
-9.22	686.096
-9.21	684.527
-9.2	682.96
-9.19	681.395
-9.18	679.832
-9.17	678.27
-9.16	676.71
-9.15	675.152
-9.14	673.596
-9.13	672.042
-9.12	670.49
-9.11	668.939
-9.1	667.39
-9.09	665.843
-9.08	664.298
-9.07	662.754
-9.06	661.213
-9.05	659.673
-9.04	658.134
-9.03	656.598
-9.02	655.064
-9.01	653.531
-9	652
-8.99	650.471
-8.98	648.943
-8.97	647.418
-8.96	645.894
-8.95	644.372
-8.94	642.852
-8.93	641.334
-8.92	639.818
-8.91	638.303
-8.9	636.79
-8.89	635.279
-8.88	633.77
-8.87	632.262
-8.86	630.756
-8.85	629.253
-8.84	627.75
-8.83	626.25
-8.82	624.752
-8.81	623.255
-8.8	621.76
-8.79	620.267
-8.78	618.776
-8.77	617.286
-8.76	615.798
-8.75	614.312
-8.74	612.828
-8.73	611.346
-8.72	609.866
-8.71	608.387
-8.7	606.91
-8.69	605.435
-8.68	603.962
-8.67	602.49
-8.66	601.02
-8.65	599.552
-8.64	598.086
-8.63	596.622
-8.62	595.16
-8.61	593.699
-8.6	592.24
-8.59	590.783
-8.58	589.328
-8.57	587.874
-8.56	586.422
-8.55	584.972
-8.54	583.524
-8.53	582.078
-8.52	580.634
-8.51	579.191
-8.5	577.75
-8.49	576.311
-8.48	574.874
-8.47	573.438
-8.46	572.004
-8.45	570.572
-8.44	569.143
-8.43	567.714
-8.42	566.288
-8.41	564.863
-8.4	563.44
-8.39	562.019
-8.38	560.6
-8.37	559.182
-8.36	557.766
-8.35	556.353
-8.34	554.94
-8.33	553.53
-8.32	552.122
-8.31	550.715
-8.3	549.31
-8.29	547.907
-8.28	546.506
-8.27	545.106
-8.26	543.708
-8.25	542.312
-8.24	540.918
-8.23	539.526
-8.22	538.136
-8.21	536.747
-8.2	535.36
-8.19	533.975
-8.18	532.592
-8.17	531.21
-8.16	529.83
-8.15	528.452
-8.14	527.076
-8.13	525.702
-8.12	524.33
-8.11	522.959
-8.1	521.59
-8.09	520.223
-8.08	518.858
-8.07	517.494
-8.06	516.133
-8.05	514.773
-8.04	513.414
-8.03	512.058
-8.02	510.704
-8.01	509.351
-8	508
-7.99	506.651
-7.98	505.304
-7.97	503.958
-7.96	502.614
-7.95	501.272
-7.94	499.932
-7.93	498.594
-7.92	497.258
-7.91	495.923
-7.9	494.59
-7.89	493.259
-7.88	491.93
-7.87	490.602
-7.86	489.276
-7.85	487.953
-7.84	486.63
-7.83	485.31
-7.82	483.992
-7.81	482.675
-7.8	481.36
-7.79	480.047
-7.78	478.736
-7.77	477.426
-7.76	476.118
-7.75	474.812
-7.74	473.508
-7.73	472.206
-7.72	470.906
-7.71	469.607
-7.7	468.31
-7.69	467.015
-7.68	465.722
-7.67	464.43
-7.66	463.14
-7.65	461.853
-7.64	460.566
-7.63	459.282
-7.62	458
-7.61	456.719
-7.6	455.44
-7.59	454.163
-7.58	452.888
-7.57	451.614
-7.56	450.342
-7.55	449.073
-7.54	447.804
-7.53	446.538
-7.52	445.274
-7.51	444.011
-7.5	442.75
-7.49	441.491
-7.48	440.234
-7.47	438.978
-7.46	437.724
-7.45	436.473
-7.44	435.222
-7.43	433.974
-7.42	432.728
-7.41	431.483
-7.4	430.24
-7.39	428.999
-7.38	427.76
-7.37	426.522
-7.36	425.286
-7.35	424.053
-7.34	422.82
-7.33	421.59
-7.32	420.362
-7.31	419.135
-7.3	417.91
-7.29	416.687
-7.28	415.466
-7.27	414.246
-7.26	413.028
-7.25	411.812
-7.24	410.598
-7.23	409.386
-7.22	408.176
-7.21	406.967
-7.2	405.76
-7.19	404.555
-7.18	403.352
-7.17	402.15
-7.16	400.95
-7.15	399.753
-7.14	398.556
-7.13	397.362
-7.12	396.17
-7.11	394.979
-7.1	393.79
-7.09	392.603
-7.08	391.418
-7.07	390.234
-7.06	389.052
-7.05	387.873
-7.04	386.694
-7.03	385.518
-7.02	384.344
-7.01	383.171
-7	382
-6.99	380.831
-6.98	379.664
-6.97	378.498
-6.96	377.334
-6.95	376.172
-6.94	375.012
-6.93	373.854
-6.92	372.698
-6.91	371.543
-6.9	370.39
-6.89	369.239
-6.88	368.09
-6.87	366.942
-6.86	365.796
-6.85	364.653
-6.84	363.51
-6.83	362.37
-6.82	361.232
-6.81	360.095
-6.8	358.96
-6.79	357.827
-6.78	356.696
-6.77	355.566
-6.76	354.438
-6.75	353.312
-6.74	352.188
-6.73	351.066
-6.72	349.946
-6.71	348.827
-6.7	347.71
-6.69	346.595
-6.68	345.482
-6.67	344.37
-6.66	343.26
-6.65	342.152
-6.64	341.046
-6.63	339.942
-6.62	338.84
-6.61	337.739
-6.6	336.64
-6.59	335.543
-6.58	334.448
-6.57	333.354
-6.56	332.262
-6.55	331.173
-6.54	330.084
-6.53	328.998
-6.52	327.914
-6.51	326.831
-6.5	325.75
-6.49	324.671
-6.48	323.594
-6.47	322.518
-6.46	321.444
-6.45	320.372
-6.44	319.302
-6.43	318.234
-6.42	317.168
-6.41	316.103
-6.4	315.04
-6.39	313.979
-6.38	312.92
-6.37	311.862
-6.36	310.806
-6.35	309.753
-6.34	308.7
-6.33	307.65
-6.32	306.602
-6.31	305.555
-6.3	304.51
-6.29	303.467
-6.28	302.426
-6.27	301.386
-6.26	300.348
-6.25	299.312
-6.24	298.278
-6.23	297.246
-6.22	296.216
-6.21	295.187
-6.2	294.16
-6.19	293.135
-6.18	292.112
-6.17	291.09
-6.16	290.07
-6.15	289.053
-6.14	288.036
-6.13	287.022
-6.12	286.01
-6.11	284.999
-6.1	283.99
-6.09	282.983
-6.08	281.978
-6.07	280.974
-6.06	279.972
-6.05	278.973
-6.04	277.974
-6.03	276.978
-6.02	275.984
-6.01	274.991
-6	274
-5.99	273.011
-5.98	272.024
-5.97	271.038
-5.96	270.054
-5.95	269.073
-5.94	268.092
-5.93	267.114
-5.92	266.138
-5.91	265.163
-5.9	264.19
-5.89	263.219
-5.88	262.25
-5.87	261.282
-5.86	260.316
-5.85	259.353
-5.84	258.39
-5.83	257.43
-5.82	256.472
-5.81	255.515
-5.8	254.56
-5.79	253.607
-5.78	252.656
-5.77	251.706
-5.76	250.758
-5.75	249.812
-5.74	248.868
-5.73	247.926
-5.72	246.986
-5.71	246.047
-5.7	245.11
-5.69	244.175
-5.68	243.242
-5.67	242.31
-5.66	241.38
-5.65	240.452
-5.64	239.526
-5.63	238.602
-5.62	237.68
-5.61	236.759
-5.6	235.84
-5.59	234.923
-5.58	234.008
-5.57	233.094
-5.56	232.182
-5.55	231.273
-5.54	230.364
-5.53	229.458
-5.52	228.554
-5.51	227.651
-5.5	226.75
-5.49	225.851
-5.48	224.954
-5.47	224.058
-5.46	223.164
-5.45	222.273
-5.44	221.382
-5.43	220.494
-5.42	219.608
-5.41	218.723
-5.4	217.84
-5.39	216.959
-5.38	216.08
-5.37	215.202
-5.36	214.326
-5.35	213.453
-5.34	212.58
-5.33	211.71
-5.32	210.842
-5.31	209.975
-5.3	209.11
-5.29	208.247
-5.28	207.386
-5.27	206.526
-5.26	205.668
-5.25	204.812
-5.24	203.958
-5.23	203.106
-5.22	202.256
-5.21	201.407
-5.2	200.56
-5.19	199.715
-5.18	198.872
-5.17	198.03
-5.16	197.19
-5.15	196.353
-5.14	195.516
-5.13	194.682
-5.12	193.85
-5.11	193.019
-5.1	192.19
-5.09	191.363
-5.08	190.538
-5.07	189.714
-5.06	188.892
-5.05	188.073
-5.04	187.254
-5.03	186.438
-5.02	185.624
-5.01	184.811
-5	184
-4.99	183.191
-4.98	182.384
-4.97	181.578
-4.96	180.774
-4.95	179.973
-4.94	179.172
-4.93	178.374
-4.92	177.578
-4.91	176.783
-4.9	175.99
-4.89	175.199
-4.88	174.41
-4.87	173.622
-4.86	172.836
-4.85	172.052
-4.84	171.27
-4.83	170.49
-4.82	169.712
-4.81	168.935
-4.8	168.16
-4.79	167.387
-4.78	166.616
-4.77	165.846
-4.76	165.078
-4.75	164.312
-4.74	163.548
-4.73	162.786
-4.72	162.026
-4.71	161.267
-4.7	160.51
-4.69	159.755
-4.68	159.002
-4.67	158.25
-4.66	157.5
-4.65	156.753
-4.64	156.006
-4.63	155.262
-4.62	154.52
-4.61	153.779
-4.6	153.04
-4.59	152.303
-4.58	151.568
-4.57	150.834
-4.56	150.102
-4.55	149.373
-4.54	148.644
-4.53	147.918
-4.52	147.194
-4.51	146.471
-4.5	145.75
-4.49	145.031
-4.48	144.314
-4.47	143.598
-4.46	142.884
-4.45	142.173
-4.44	141.462
-4.43	140.754
-4.42	140.048
-4.41	139.343
-4.4	138.64
-4.39	137.939
-4.38	137.24
-4.37	136.542
-4.36	135.846
-4.35	135.152
-4.34	134.46
-4.33	133.77
-4.32	133.082
-4.31	132.395
-4.3	131.71
-4.29	131.027
-4.28	130.346
-4.27	129.666
-4.26	128.988
-4.25	128.312
-4.24	127.638
-4.23	126.966
-4.22	126.296
-4.21	125.627
-4.2	124.96
-4.19	124.295
-4.18	123.632
-4.17	122.97
-4.16	122.31
-4.15	121.652
-4.14	120.996
-4.13	120.342
-4.12	119.69
-4.11	119.039
-4.1	118.39
-4.09	117.743
-4.08	117.098
-4.07	116.454
-4.06	115.812
-4.05	115.173
-4.04	114.534
-4.03	113.898
-4.02	113.264
-4.01	112.631
-4	112
-3.99	111.371
-3.98	110.744
-3.97	110.118
-3.96	109.494
-3.95	108.873
-3.94	108.252
-3.93	107.634
-3.92	107.018
-3.91	106.403
-3.9	105.79
-3.89	105.179
-3.88	104.57
-3.87	103.962
-3.86	103.356
-3.85	102.753
-3.84	102.15
-3.83	101.55
-3.82	100.952
-3.81	100.355
-3.8	99.76
-3.79	99.1669
-3.78	98.5756
-3.77	97.9861
-3.76	97.3984
-3.75	96.8125
-3.74	96.2284
-3.73	95.6461
-3.72	95.0656
-3.71	94.4869
-3.7	93.91
-3.69	93.3349
-3.68	92.7616
-3.67	92.1901
-3.66	91.6204
-3.65	91.0525
-3.64	90.4864
-3.63	89.9221
-3.62	89.3596
-3.61	88.7989
-3.6	88.24
-3.59	87.6829
-3.58	87.1276
-3.57	86.5741
-3.56	86.0224
-3.55	85.4725
-3.54	84.9244
-3.53	84.3781
-3.52	83.8336
-3.51	83.2909
-3.5	82.75
-3.49	82.2109
-3.48	81.6736
-3.47	81.1381
-3.46	80.6044
-3.45	80.0725
-3.44	79.5424
-3.43	79.0141
-3.42	78.4876
-3.41	77.9629
-3.4	77.44
-3.39	76.9189
-3.38	76.3996
-3.37	75.8821
-3.36	75.3664
-3.35	74.8525
-3.34	74.3404
-3.33	73.8301
-3.32	73.3216
-3.31	72.8149
-3.3	72.31
-3.29	71.8069
-3.28	71.3056
-3.27	70.8061
-3.26	70.3084
-3.25	69.8125
-3.24	69.3184
-3.23	68.8261
-3.22	68.3356
-3.21	67.8469
-3.2	67.36
-3.19	66.8749
-3.18	66.3916
-3.17	65.9101
-3.16	65.4304
-3.15	64.9525
-3.14	64.4764
-3.13	64.0021
-3.12	63.5296
-3.11	63.0589
-3.1	62.59
-3.09	62.1229
-3.08	61.6576
-3.07	61.1941
-3.06	60.7324
-3.05	60.2725
-3.04	59.8144
-3.03	59.3581
-3.02	58.9036
-3.01	58.4509
-3	58
-2.99	57.5509
-2.98	57.1036
-2.97	56.6581
-2.96	56.2144
-2.95	55.7725
-2.94	55.3324
-2.93	54.8941
-2.92	54.4576
-2.91	54.0229
-2.9	53.59
-2.89	53.1589
-2.88	52.7296
-2.87	52.3021
-2.86	51.8764
-2.85	51.4525
-2.84	51.0304
-2.83	50.6101
-2.82	50.1916
-2.81	49.7749
-2.8	49.36
-2.79	48.9469
-2.78	48.5356
-2.77	48.1261
-2.76	47.7184
-2.75	47.3125
-2.74	46.9084
-2.73	46.5061
-2.72	46.1056
-2.71	45.7069
-2.7	45.31
-2.69	44.9149
-2.68	44.5216
-2.67	44.1301
-2.66	43.7404
-2.65	43.3525
-2.64	42.9664
-2.63	42.5821
-2.62	42.1996
-2.61	41.8189
-2.6	41.44
-2.59	41.0629
-2.58	40.6876
-2.57	40.3141
-2.56	39.9424
-2.55	39.5725
-2.54	39.2044
-2.53	38.8381
-2.52	38.4736
-2.51	38.1109
-2.5	37.75
-2.49	37.3909
-2.48	37.0336
-2.47	36.6781
-2.46	36.3244
-2.45	35.9725
-2.44	35.6224
-2.43	35.2741
-2.42	34.9276
-2.41	34.5829
-2.4	34.24
-2.39	33.8989
-2.38	33.5596
-2.37	33.2221
-2.36	32.8864
-2.35	32.5525
-2.34	32.2204
-2.33	31.8901
-2.32	31.5616
-2.31	31.2349
-2.3	30.91
-2.29	30.5869
-2.28	30.2656
-2.27	29.9461
-2.26	29.6284
-2.25	29.3125
-2.24	28.9984
-2.23	28.6861
-2.22	28.3756
-2.21	28.0669
-2.2	27.76
-2.19	27.4549
-2.18	27.1516
-2.17	26.8501
-2.16	26.5504
-2.15	26.2525
-2.14	25.9564
-2.13	25.6621
-2.12	25.3696
-2.11	25.0789
-2.1	24.79
-2.09	24.5029
-2.08	24.2176
-2.07	23.9341
-2.06	23.6524
-2.05	23.3725
-2.04	23.0944
-2.03	22.8181
-2.02	22.5436
-2.01	22.2709
-2	22
-1.99	21.7309
-1.98	21.4636
-1.97	21.1981
-1.96	20.9344
-1.95	20.6725
-1.94	20.4124
-1.93	20.1541
-1.92	19.8976
-1.91	19.6429
-1.9	19.39
-1.89	19.1389
-1.88	18.8896
-1.87	18.6421
-1.86	18.3964
-1.85	18.1525
-1.84	17.9104
-1.83	17.6701
-1.82	17.4316
-1.81	17.1949
-1.8	16.96
-1.79	16.7269
-1.78	16.4956
-1.77	16.2661
-1.76	16.0384
-1.75	15.8125
-1.74	15.5884
-1.73	15.3661
-1.72	15.1456
-1.71	14.9269
-1.7	14.71
-1.69	14.4949
-1.68	14.2816
-1.67	14.0701
-1.66	13.8604
-1.65	13.6525
-1.64	13.4464
-1.63	13.2421
-1.62	13.0396
-1.61	12.8389
-1.6	12.64
-1.59	12.4429
-1.58	12.2476
-1.57	12.0541
-1.56	11.8624
-1.55	11.6725
-1.54	11.4844
-1.53	11.2981
-1.52	11.1136
-1.51	10.9309
-1.5	10.75
-1.49	10.5709
-1.48	10.3936
-1.47	10.2181
-1.46	10.0444
-1.45	9.8725
-1.44	9.70241
-1.43	9.53411
-1.42	9.3676
-1.41	9.2029
-1.4	9.04001
-1.39	8.87891
-1.38	8.7196
-1.37	8.5621
-1.36	8.40641
-1.35	8.25251
-1.34	8.1004
-1.33	7.9501
-1.32	7.80161
-1.31	7.65491
-1.3	7.51
-1.29	7.3669
-1.28	7.2256
-1.27	7.08611
-1.26	6.9484
-1.25	6.8125
-1.24	6.6784
-1.23	6.54611
-1.22	6.4156
-1.21	6.2869
-1.2	6.16
-1.19	6.03491
-1.18	5.9116
-1.17	5.7901
-1.16	5.6704
-1.15	5.55251
-1.14	5.4364
-1.13	5.3221
-1.12	5.2096
-1.11	5.09891
-1.1	4.99
-1.09	4.8829
-1.08	4.7776
-1.07	4.67411
-1.06	4.5724
-1.05	4.4725
-1.04	4.3744
-1.03	4.2781
-1.02	4.18361
-1.01	4.0909
-1	4
-0.99	3.9109
-0.98	3.8236
-0.97	3.7381
-0.96	3.6544
-0.95	3.5725
-0.940001	3.4924
-0.93	3.4141
-0.92	3.3376
-0.91	3.2629
-0.900001	3.19
-0.89	3.1189
-0.88	3.0496
-0.87	2.9821
-0.860001	2.9164
-0.85	2.8525
-0.84	2.7904
-0.83	2.7301
-0.820001	2.6716
-0.81	2.6149
-0.8	2.56
-0.79	2.5069
-0.78	2.4556
-0.77	2.4061
-0.76	2.3584
-0.75	2.3125
-0.74	2.2684
-0.73	2.2261
-0.72	2.1856
-0.71	2.1469
-0.7	2.11
-0.690001	2.0749
-0.68	2.0416
-0.67	2.0101
-0.66	1.9804
-0.650001	1.9525
-0.64	1.9264
-0.63	1.9021
-0.62	1.8796
-0.610001	1.8589
-0.6	1.84
-0.59	1.8229
-0.58	1.8076
-0.570001	1.7941
-0.56	1.7824
-0.55	1.7725
-0.54	1.7644
-0.530001	1.7581
-0.52	1.7536
-0.51	1.7509
-0.5	1.75
-0.49	1.7509
-0.48	1.7536
-0.47	1.7581
-0.46	1.7644
-0.45	1.7725
-0.440001	1.7824
-0.43	1.7941
-0.42	1.8076
-0.41	1.8229
-0.400001	1.84
-0.39	1.8589
-0.38	1.8796
-0.37	1.9021
-0.360001	1.9264
-0.35	1.9525
-0.34	1.9804
-0.33	2.0101
-0.320001	2.0416
-0.31	2.0749
-0.3	2.11
-0.29	2.1469
-0.280001	2.1856
-0.27	2.2261
-0.26	2.2684
-0.25	2.3125
-0.24	2.3584
-0.23	2.4061
-0.22	2.4556
-0.21	2.5069
-0.2	2.56
-0.190001	2.6149
-0.18	2.6716
-0.17	2.7301
-0.16	2.7904
-0.150001	2.8525
-0.14	2.9164
-0.13	2.9821
-0.12	3.0496
-0.110001	3.1189
-0.1	3.19
-0.0900002	3.2629
-0.0799999	3.3376
-0.0700006	3.41409
-0.0600004	3.4924
-0.0500002	3.5725
-0.04	3.6544
-0.0300007	3.73809
-0.0200005	3.8236
-0.0100002	3.9109
0	4
0.0100002	4.0909
0.0199995	4.1836
0.0299997	4.2781
0.04	4.3744
0.0500002	4.4725
0.0599995	4.57239
0.0699997	4.6741
0.0799999	4.7776
0.0900002	4.8829
0.0999994	4.98999
0.11	5.0989
0.12	5.2096
0.13	5.3221
0.139999	5.43639
0.15	5.5525
0.16	5.6704
0.17	5.7901
0.179999	5.91159
0.19	6.03489
0.2	6.16
0.21	6.2869
0.219999	6.41559
0.23	6.54609
0.24	6.6784
0.25	6.8125
0.26	6.9484
0.27	7.08609
0.28	7.2256
0.29	7.3669
0.3	7.51
0.309999	7.65489
0.32	7.8016
0.33	7.9501
0.34	8.1004
0.349999	8.25249
0.36	8.40639
0.37	8.5621
0.38	8.7196
0.389999	8.87889
0.4	9.03999
0.41	9.2029
0.42	9.3676
0.429999	9.53409
0.44	9.70239
0.45	9.8725
0.46	10.0444
0.469999	10.2181
0.48	10.3936
0.49	10.5709
0.5	10.75
0.51	10.9309
0.52	11.1136
0.53	11.2981
0.54	11.4844
0.55	11.6725
0.559999	11.8624
0.57	12.0541
0.58	12.2476
0.59	12.4429
0.599999	12.64
0.61	12.8389
0.62	13.0396
0.63	13.2421
0.639999	13.4464
0.65	13.6525
0.66	13.8604
0.67	14.0701
0.679999	14.2816
0.69	14.4949
0.7	14.71
0.71	14.9269
0.719999	15.1456
0.73	15.3661
0.74	15.5884
0.75	15.8125
0.76	16.0384
0.77	16.2661
0.78	16.4956
0.79	16.7269
0.8	16.96
0.809999	17.1949
0.82	17.4316
0.83	17.6701
0.84	17.9104
0.849999	18.1525
0.86	18.3964
0.87	18.6421
0.88	18.8896
0.889999	19.1389
0.9	19.39
0.91	19.6429
0.92	19.8976
0.929999	20.1541
0.94	20.4124
0.95	20.6725
0.96	20.9344
0.969999	21.1981
0.98	21.4636
0.99	21.7309
1	22
1.01	22.2709
1.02	22.5436
1.03	22.8181
1.04	23.0944
1.05	23.3725
1.06	23.6524
1.07	23.9341
1.08	24.2176
1.09	24.5029
1.1	24.79
1.11	25.0789
1.12	25.3696
1.13	25.6621
1.14	25.9564
1.15	26.2525
1.16	26.5504
1.17	26.8501
1.18	27.1516
1.19	27.4549
1.2	27.76
1.21	28.0669
1.22	28.3756
1.23	28.6861
1.24	28.9984
1.25	29.3125
1.26	29.6284
1.27	29.9461
1.28	30.2656
1.29	30.5869
1.3	30.91
1.31	31.2349
1.32	31.5616
1.33	31.8901
1.34	32.2204
1.35	32.5525
1.36	32.8864
1.37	33.2221
1.38	33.5596
1.39	33.8989
1.4	34.24
1.41	34.5829
1.42	34.9276
1.43	35.2741
1.44	35.6224
1.45	35.9725
1.46	36.3244
1.47	36.6781
1.48	37.0336
1.49	37.3909
1.5	37.75
1.51	38.1109
1.52	38.4736
1.53	38.8381
1.54	39.2044
1.55	39.5725
1.56	39.9424
1.57	40.3141
1.58	40.6876
1.59	41.0629
1.6	41.44
1.61	41.8189
1.62	42.1996
1.63	42.5821
1.64	42.9664
1.65	43.3525
1.66	43.7404
1.67	44.1301
1.68	44.5216
1.69	44.9149
1.7	45.31
1.71	45.7069
1.72	46.1056
1.73	46.5061
1.74	46.9084
1.75	47.3125
1.76	47.7184
1.77	48.1261
1.78	48.5356
1.79	48.9469
1.8	49.36
1.81	49.7749
1.82	50.1916
1.83	50.6101
1.84	51.0304
1.85	51.4525
1.86	51.8764
1.87	52.3021
1.88	52.7296
1.89	53.1589
1.9	53.59
1.91	54.0229
1.92	54.4576
1.93	54.8941
1.94	55.3324
1.95	55.7725
1.96	56.2144
1.97	56.6581
1.98	57.1036
1.99	57.5509
2	58
2.01	58.4509
2.02	58.9036
2.03	59.3581
2.04	59.8144
2.05	60.2725
2.06	60.7324
2.07	61.1941
2.08	61.6576
2.09	62.1229
2.1	62.59
2.11	63.0589
2.12	63.5296
2.13	64.0021
2.14	64.4764
2.15	64.9525
2.16	65.4304
2.17	65.9101
2.18	66.3916
2.19	66.8749
2.2	67.36
2.21	67.8469
2.22	68.3356
2.23	68.8261
2.24	69.3184
2.25	69.8125
2.26	70.3084
2.27	70.8061
2.28	71.3056
2.29	71.8069
2.3	72.31
2.31	72.8149
2.32	73.3216
2.33	73.8301
2.34	74.3404
2.35	74.8525
2.36	75.3664
2.37	75.8821
2.38	76.3996
2.39	76.9189
2.4	77.44
2.41	77.9629
2.42	78.4876
2.43	79.0141
2.44	79.5424
2.45	80.0725
2.46	80.6044
2.47	81.1381
2.48	81.6736
2.49	82.2109
2.5	82.75
2.51	83.2909
2.52	83.8336
2.53	84.3781
2.54	84.9244
2.55	85.4725
2.56	86.0224
2.57	86.5741
2.58	87.1276
2.59	87.6829
2.6	88.24
2.61	88.7989
2.62	89.3596
2.63	89.9221
2.64	90.4864
2.65	91.0525
2.66	91.6204
2.67	92.1901
2.68	92.7616
2.69	93.3349
2.7	93.91
2.71	94.4869
2.72	95.0656
2.73	95.6461
2.74	96.2284
2.75	96.8125
2.76	97.3984
2.77	97.9861
2.78	98.5756
2.79	99.1669
2.8	99.7599
2.81	100.355
2.82	100.952
2.83	101.55
2.84	102.15
2.85	102.752
2.86	103.356
2.87	103.962
2.88	104.57
2.89	105.179
2.9	105.79
2.91	106.403
2.92	107.018
2.93	107.634
2.94	108.252
2.95	108.872
2.96	109.494
2.97	110.118
2.98	110.744
2.99	111.371
3	112
3.01	112.631
3.02	113.264
3.03	113.898
3.04	114.534
3.05	115.172
3.06	115.812
3.07	116.454
3.08	117.098
3.09	117.743
3.1	118.39
3.11	119.039
3.12	119.69
3.13	120.342
3.14	120.996
3.15	121.652
3.16	122.31
3.17	122.97
3.18	123.632
3.19	124.295
3.2	124.96
3.21	125.627
3.22	126.296
3.23	126.966
3.24	127.638
3.25	128.312
3.26	128.988
3.27	129.666
3.28	130.346
3.29	131.027
3.3	131.71
3.31	132.395
3.32	133.082
3.33	133.77
3.34	134.46
3.35	135.152
3.36	135.846
3.37	136.542
3.38	137.24
3.39	137.939
3.4	138.64
3.41	139.343
3.42	140.048
3.43	140.754
3.44	141.462
3.45	142.172
3.46	142.884
3.47	143.598
3.48	144.314
3.49	145.031
3.5	145.75
3.51	146.471
3.52	147.194
3.53	147.918
3.54	148.644
3.55	149.372
3.56	150.102
3.57	150.834
3.58	151.568
3.59	152.303
3.6	153.04
3.61	153.779
3.62	154.52
3.63	155.262
3.64	156.006
3.65	156.752
3.66	157.5
3.67	158.25
3.68	159.002
3.69	159.755
3.7	160.51
3.71	161.267
3.72	162.026
3.73	162.786
3.74	163.548
3.75	164.312
3.76	165.078
3.77	165.846
3.78	166.616
3.79	167.387
3.8	168.16
3.81	168.935
3.82	169.712
3.83	170.49
3.84	171.27
3.85	172.052
3.86	172.836
3.87	173.622
3.88	174.41
3.89	175.199
3.9	175.99
3.91	176.783
3.92	177.578
3.93	178.374
3.94	179.172
3.95	179.972
3.96	180.774
3.97	181.578
3.98	182.384
3.99	183.191
4	184
4.01	184.811
4.02	185.624
4.03	186.438
4.04	187.254
4.05	188.072
4.06	188.892
4.07	189.714
4.08	190.538
4.09	191.363
4.1	192.19
4.11	193.019
4.12	193.85
4.13	194.682
4.14	195.516
4.15	196.352
4.16	197.19
4.17	198.03
4.18	198.872
4.19	199.715
4.2	200.56
4.21	201.407
4.22	202.256
4.23	203.106
4.24	203.958
4.25	204.812
4.26	205.668
4.27	206.526
4.28	207.386
4.29	208.247
4.3	209.11
4.31	209.975
4.32	210.842
4.33	211.71
4.34	212.58
4.35	213.452
4.36	214.326
4.37	215.202
4.38	216.08
4.39	216.959
4.4	217.84
4.41	218.723
4.42	219.608
4.43	220.494
4.44	221.382
4.45	222.272
4.46	223.164
4.47	224.058
4.48	224.954
4.49	225.851
4.5	226.75
4.51	227.651
4.52	228.554
4.53	229.458
4.54	230.364
4.55	231.272
4.56	232.182
4.57	233.094
4.58	234.008
4.59	234.923
4.6	235.84
4.61	236.759
4.62	237.68
4.63	238.602
4.64	239.526
4.65	240.452
4.66	241.38
4.67	242.31
4.68	243.242
4.69	244.175
4.7	245.11
4.71	246.047
4.72	246.986
4.73	247.926
4.74	248.868
4.75	249.812
4.76	250.758
4.77	251.706
4.78	252.656
4.79	253.607
4.8	254.56
4.81	255.515
4.82	256.472
4.83	257.43
4.84	258.39
4.85	259.352
4.86	260.316
4.87	261.282
4.88	262.25
4.89	263.219
4.9	264.19
4.91	265.163
4.92	266.138
4.93	267.114
4.94	268.092
4.95	269.072
4.96	270.054
4.97	271.038
4.98	272.024
4.99	273.011
5	274
5.01	274.991
5.02	275.984
5.03	276.978
5.04	277.974
5.05	278.972
5.06	279.972
5.07	280.974
5.08	281.978
5.09	282.983
5.1	283.99
5.11	284.999
5.12	286.01
5.13	287.022
5.14	288.036
5.15	289.052
5.16	290.07
5.17	291.09
5.18	292.112
5.19	293.135
5.2	294.16
5.21	295.187
5.22	296.216
5.23	297.246
5.24	298.278
5.25	299.312
5.26	300.348
5.27	301.386
5.28	302.426
5.29	303.467
5.3	304.51
5.31	305.555
5.32	306.602
5.33	307.65
5.34	308.7
5.35	309.752
5.36	310.806
5.37	311.862
5.38	312.92
5.39	313.979
5.4	315.04
5.41	316.103
5.42	317.168
5.43	318.234
5.44	319.302
5.45	320.372
5.46	321.444
5.47	322.518
5.48	323.594
5.49	324.671
5.5	325.75
5.51	326.831
5.52	327.914
5.53	328.998
5.54	330.084
5.55	331.172
5.56	332.262
5.57	333.354
5.58	334.448
5.59	335.543
5.6	336.64
5.61	337.739
5.62	338.84
5.63	339.942
5.64	341.046
5.65	342.152
5.66	343.26
5.67	344.37
5.68	345.482
5.69	346.595
5.7	347.71
5.71	348.827
5.72	349.945
5.73	351.066
5.74	352.188
5.75	353.312
5.76	354.438
5.77	355.566
5.78	356.696
5.79	357.827
5.8	358.96
5.81	360.095
5.82	361.232
5.83	362.37
5.84	363.51
5.85	364.652
5.86	365.796
5.87	366.942
5.88	368.09
5.89	369.239
5.9	370.39
5.91	371.543
5.92	372.698
5.93	373.854
5.94	375.012
5.95	376.172
5.96	377.334
5.97	378.498
5.98	379.664
5.99	380.831
6	382
6.01	383.171
6.02	384.344
6.03	385.518
6.04	386.694
6.05	387.872
6.06	389.052
6.07	390.234
6.08	391.418
6.09	392.603
6.1	393.79
6.11	394.979
6.12	396.169
6.13	397.362
6.14	398.556
6.15	399.752
6.16	400.95
6.17	402.15
6.18	403.352
6.19	404.555
6.2	405.76
6.21	406.967
6.22	408.176
6.23	409.386
6.24	410.598
6.25	411.812
6.26	413.028
6.27	414.246
6.28	415.465
6.29	416.687
6.3	417.91
6.31	419.135
6.32	420.362
6.33	421.59
6.34	422.82
6.35	424.053
6.36	425.286
6.37	426.522
6.38	427.759
6.39	428.999
6.4	430.24
6.41	431.483
6.42	432.728
6.43	433.974
6.44	435.222
6.45	436.472
6.46	437.724
6.47	438.978
6.48	440.234
6.49	441.491
6.5	442.75
6.51	444.011
6.52	445.274
6.53	446.538
6.54	447.804
6.55	449.072
6.56	450.342
6.57	451.614
6.58	452.888
6.59	454.163
6.6	455.44
6.61	456.719
6.62	457.999
6.63	459.282
6.64	460.566
6.65	461.852
6.66	463.14
6.67	464.43
6.68	465.722
6.69	467.015
6.7	468.31
6.71	469.607
6.72	470.906
6.73	472.206
6.74	473.508
6.75	474.812
6.76	476.118
6.77	477.426
6.78	478.735
6.79	480.047
6.8	481.36
6.81	482.675
6.82	483.992
6.83	485.31
6.84	486.63
6.85	487.953
6.86	489.276
6.87	490.602
6.88	491.929
6.89	493.259
6.9	494.59
6.91	495.923
6.92	497.258
6.93	498.594
6.94	499.932
6.95	501.272
6.96	502.614
6.97	503.958
6.98	505.304
6.99	506.651
7	508
7.01	509.351
7.02	510.704
7.03	512.058
7.04	513.414
7.05	514.772
7.06	516.132
7.07	517.494
7.08	518.858
7.09	520.223
7.1	521.59
7.11	522.959
7.12	524.329
7.13	525.702
7.14	527.076
7.15	528.452
7.16	529.83
7.17	531.21
7.18	532.592
7.19	533.975
7.2	535.36
7.21	536.747
7.22	538.135
7.23	539.526
7.24	540.918
7.25	542.312
7.26	543.708
7.27	545.106
7.28	546.505
7.29	547.907
7.3	549.31
7.31	550.715
7.32	552.122
7.33	553.53
7.34	554.94
7.35	556.353
7.36	557.766
7.37	559.182
7.38	560.599
7.39	562.019
7.4	563.44
7.41	564.863
7.42	566.288
7.43	567.714
7.44	569.142
7.45	570.572
7.46	572.004
7.47	573.438
7.48	574.874
7.49	576.311
7.5	577.75
7.51	579.191
7.52	580.634
7.53	582.078
7.54	583.524
7.55	584.972
7.56	586.422
7.57	587.874
7.58	589.328
7.59	590.783
7.6	592.24
7.61	593.699
7.62	595.159
7.63	596.622
7.64	598.086
7.65	599.552
7.66	601.02
7.67	602.49
7.68	603.962
7.69	605.435
7.7	606.91
7.71	608.387
7.72	609.865
7.73	611.346
7.74	612.828
7.75	614.312
7.76	615.798
7.77	617.286
7.78	618.775
7.79	620.267
7.8	621.76
7.81	623.255
7.82	624.752
7.83	626.25
7.84	627.75
7.85	629.253
7.86	630.756
7.87	632.262
7.88	633.769
7.89	635.279
7.9	636.79
7.91	638.303
7.92	639.818
7.93	641.334
7.94	642.852
7.95	644.372
7.96	645.894
7.97	647.418
7.98	648.944
7.99	650.471
8	652
8.01	653.531
8.02	655.064
8.03	656.598
8.04	658.134
8.05	659.672
8.06	661.212
8.07	662.754
8.08	664.298
8.09	665.843
8.1	667.39
8.11	668.939
8.12	670.489
8.13	672.042
8.14	673.596
8.15	675.152
8.16	676.71
8.17	678.27
8.18	679.832
8.19	681.395
8.2	682.96
8.21	684.527
8.22	686.095
8.23	687.666
8.24	689.238
8.25	690.812
8.26	692.388
8.27	693.966
8.28	695.545
8.29	697.127
8.3	698.71
8.31	700.295
8.32	701.882
8.33	703.47
8.34	705.06
8.35	706.653
8.36	708.246
8.37	709.842
8.38	711.439
8.39	713.039
8.4	714.64
8.41	716.243
8.42	717.848
8.43	719.454
8.44	721.063
8.45	722.672
8.46	724.284
8.47	725.898
8.48	727.514
8.49	729.131
8.5	730.75
8.51	732.371
8.52	733.994
8.53	735.618
8.54	737.244
8.55	738.872
8.56	740.502
8.57	742.134
8.58	743.768
8.59	745.403
8.6	747.04
8.61	748.679
8.62	750.319
8.63	751.962
8.64	753.606
8.65	755.252
8.66	756.9
8.67	758.55
8.68	760.202
8.69	761.855
8.7	763.51
8.71	765.167
8.72	766.826
8.73	768.486
8.74	770.148
8.75	771.812
8.76	773.478
8.77	775.146
8.78	776.815
8.79	778.487
8.8	780.16
8.81	781.835
8.82	783.512
8.83	785.19
8.84	786.87
8.85	788.553
8.86	790.236
8.87	791.922
8.88	793.609
8.89	795.299
8.9	796.99
8.91	798.683
8.92	800.378
8.93	802.074
8.94	803.772
8.95	805.472
8.96	807.174
8.97	808.878
8.98	810.583
8.99	812.291
9	814
9.01	815.711
9.02	817.424
9.03	819.138
9.04	820.854
9.05	822.572
9.06	824.292
9.07	826.014
9.08	827.738
9.09	829.463
9.1	831.19
9.11	832.919
9.12	834.649
9.13	836.382
9.14	838.116
9.15	839.852
9.16	841.59
9.17	843.33
9.18	845.072
9.19	846.815
9.2	848.56
9.21	850.307
9.22	852.055
9.23	853.806
9.24	855.558
9.25	857.312
9.26	859.068
9.27	860.826
9.28	862.585
9.29	864.347
9.3	866.11
9.31	867.875
9.32	869.642
9.33	871.41
9.34	873.18
9.35	874.953
9.36	876.726
9.37	878.502
9.38	880.279
9.39	882.059
9.4	883.84
9.41	885.623
9.42	887.408
9.43	889.194
9.44	890.982
9.45	892.772
9.46	894.564
9.47	896.358
9.48	898.154
9.49	899.951
9.5	901.75
9.51	903.551
9.52	905.354
9.53	907.158
9.54	908.964
9.55	910.772
9.56	912.582
9.57	914.394
9.58	916.208
9.59	918.023
9.6	919.84
9.61	921.659
9.62	923.479
9.63	925.302
9.64	927.126
9.65	928.952
9.66	930.78
9.67	932.61
9.68	934.442
9.69	936.275
9.7	938.11
9.71	939.947
9.72	941.785
9.73	943.626
9.74	945.468
9.75	947.312
9.76	949.159
9.77	951.006
9.78	952.855
9.79	954.707
9.8	956.56
9.81	958.415
9.82	960.272
9.83	962.13
9.84	963.99
9.85	965.853
9.86	967.716
9.87	969.582
9.88	971.449
9.89	973.319
9.9	975.19
9.91	977.063
9.92	978.938
9.93	980.814
9.94	982.692
9.95	984.572
9.96	986.454
9.97	988.338
9.98	990.224
9.99	992.111
10	994
